step	 averageReservationCount	 blockedRoads	 maxReservations	 variation	 98
0	0.0	0	1	0.44031528592635544
1	0.0	0	1	0.4629100498862757
2	0.0	0	1	0.4629100498862757
3	0.0	0	1	0.4629100498862757
4	0.0	0	1	0.4629100498862757
5	0.0	0	1	0.47380354147934284
6	0.0	0	1	0.47380354147934284
7	0.0	0	1	0.47380354147934284
8	0.0	0	1	0.47380354147934284
9	0.0	0	1	0.47380354147934284
10	0.0	0	1	0.47380354147934284
11	0.0	0	1	0.47380354147934284
12	0.0	0	1	0.47380354147934284
13	0.0	0	1	0.47380354147934284
14	0.0	0	1	0.47380354147934284
15	0.0	0	1	0.47380354147934284
16	0.0	0	1	0.47380354147934284
17	0.0	0	1	0.47380354147934284
18	0.0	0	1	0.47380354147934284
19	0.0	0	1	0.47380354147934284
20	0.0	0	1	0.47380354147934284
21	0.0	0	1	0.47380354147934284
22	0.0	0	1	0.47380354147934284
23	0.0	0	1	0.47380354147934284
24	0.0	0	1	0.47380354147934284
25	0.0	0	2	0.5050762722761054
26	0.0	0	2	0.7284313590846836
27	0.0	0	2	0.7284313590846836
28	0.0	0	2	0.7423074889580902
29	0.0	0	2	0.7824607964359516
30	0.0	0	2	0.7824607964359516
31	0.0	0	2	0.7824607964359516
32	0.0	0	2	0.7824607964359516
33	0.0	0	2	0.7824607964359516
34	0.0	0	2	0.7824607964359516
35	0.0	0	2	0.7824607964359516
36	0.0	0	2	0.7824607964359516
37	0.0	0	2	0.7824607964359516
38	0.0	0	2	0.7824607964359516
39	0.0	0	2	0.7824607964359516
40	0.0	0	2	0.7824607964359516
41	0.0	0	2	0.7824607964359516
42	0.0	0	2	0.7824607964359516
43	0.0	0	2	0.7824607964359516
44	0.0	0	2	0.7824607964359516
45	0.0	0	2	0.7824607964359516
46	0.0	0	2	0.7824607964359516
47	0.0	0	2	0.7824607964359516
48	0.0	0	2	0.7824607964359516
49	0.0	0	2	0.7824607964359516
50	0.0	0	3	0.8864052604279183
51	0.0	0	3	0.9035079029052513
52	0.0	0	3	0.9845749108635873
53	0.0	0	3	0.9845749108635873
54	0.0	0	3	0.9845749108635873
55	0.0	0	3	0.9845749108635873
56	0.0	0	3	0.9845749108635873
57	0.0	0	3	0.9845749108635873
58	0.0	0	3	0.9845749108635873
59	0.0	0	3	0.9845749108635873
60	0.0	0	3	0.9845749108635873
61	0.0	0	3	0.9845749108635873
62	0.0	0	3	0.9845749108635873
63	0.0	0	3	0.9845749108635873
64	0.0	0	3	0.9845749108635873
65	0.0	0	3	0.9845749108635873
66	0.0	0	3	0.9845749108635873
67	0.0	0	3	0.9845749108635873
68	0.0	0	3	0.9845749108635873
69	0.0	0	3	0.9845749108635873
70	0.0	0	3	0.9845749108635873
71	0.0	0	3	0.9845749108635873
72	0.0	0	3	0.9845749108635873
73	0.0	0	3	0.9845749108635873
74	0.0	0	3	0.9845749108635873
75	0.0	0	4	1.020204061220407
76	0.0	0	4	1.020204061220407
77	0.0	0	4	1.0642617446965243
78	0.0	0	4	1.261680123761121
79	0.0	0	4	1.261680123761121
80	0.0	0	4	1.261680123761121
81	0.0	0	4	1.261680123761121
82	0.0	0	4	1.261680123761121
83	0.0	0	4	1.261680123761121
84	0.0	0	4	1.261680123761121
85	0.0	0	4	1.261680123761121
86	0.0	0	4	1.261680123761121
87	0.0	0	4	1.261680123761121
88	0.0	0	4	1.261680123761121
89	0.0	0	4	1.261680123761121
90	0.0	0	4	1.261680123761121
91	0.0	0	4	1.2576297758327863
92	0.0	0	4	1.2576297758327863
93	0.0	0	4	1.2576297758327863
94	0.0	0	4	1.2576297758327863
95	0.0	0	4	1.2576297758327863
96	0.0	0	4	1.2576297758327863
97	0.0	0	4	1.2576297758327863
98	0.0	0	4	1.2576297758327863
99	0.0	0	4	1.2576297758327863
100	0.0	0	4	1.2576297758327863
101	0.0	0	4	1.2576297758327863
102	0.0	0	5	1.381362828986694
103	0.0	0	5	1.381362828986694
104	0.0	0	5	1.5714285714285714
105	0.0	0	5	1.5714285714285714
106	0.0	0	5	1.5714285714285714
107	0.0	0	5	1.5714285714285714
108	0.0	0	5	1.5714285714285714
109	0.0	0	5	1.5714285714285714
110	0.0	0	5	1.5714285714285714
111	0.0	0	5	1.5714285714285714
112	0.0	0	5	1.5714285714285714
113	0.0	0	5	1.5714285714285714
114	0.0	0	5	1.5419309389230644
115	0.0	0	5	1.5419309389230644
116	0.0	0	5	1.5419309389230644
117	0.0	0	5	1.5419309389230644
118	0.0	0	5	1.5419309389230644
119	0.0	0	5	1.5419309389230644
120	0.0	0	5	1.5419309389230644
121	0.0	0	5	1.5419309389230644
122	0.0	0	5	1.5419309389230644
123	0.0	0	5	1.5419309389230644
124	0.0	0	5	1.5419309389230644
125	0.0	0	5	1.5419309389230644
126	0.0	0	5	1.5419309389230644
127	0.0	1	6	1.609918238512092
128	0.0	1	6	1.609918238512092
129	0.0	1	6	1.609918238512092
130	0.0	1	6	1.6413036132965795
131	0.0	1	6	1.6413036132965795
132	0.0	1	6	1.6413036132965795
133	0.0	1	6	1.6413036132965795
134	0.0	1	6	1.6413036132965795
135	0.0	1	6	1.6413036132965795
136	0.0	1	6	1.6413036132965795
137	0.0	1	6	1.6413036132965795
138	0.0	1	6	1.6413036132965795
139	0.0	1	6	1.6413036132965795
140	0.0	1	6	1.6413036132965795
141	0.0	0	6	1.6413036132965795
142	0.0	0	6	1.6413036132965795
143	0.0	0	6	1.6413036132965795
144	0.0	0	7	1.7023393268304265
145	0.0	0	7	1.7023393268304265
146	0.0	0	7	1.7023393268304265
147	0.0	0	7	1.7023393268304265
148	0.0	0	7	1.7023393268304265
149	0.0	0	7	1.7023393268304265
150	0.0	0	7	1.7023393268304265
151	0.0	0	7	1.7023393268304265
152	1.0	0	7	1.505093393264677
153	1.0	0	7	1.5485345277627713
154	1.0	0	7	1.5485345277627713
155	1.0	0	7	1.5811388300841898
156	1.0	0	7	1.5811388300841898
157	1.0	0	7	1.5811388300841898
158	1.0	0	7	1.5811388300841898
159	1.0	0	7	1.5811388300841898
160	1.0	0	7	1.5811388300841898
161	1.0	0	7	1.5811388300841898
162	1.0	0	7	1.5811388300841898
163	1.0	0	7	1.5811388300841898
164	1.0	0	7	1.5811388300841898
165	1.0	0	7	1.5811388300841898
166	1.0	0	7	1.5746719775034717
167	1.0	0	7	1.5746719775034717
168	1.0	0	6	1.538618516324144
169	1.0	0	6	1.538618516324144
170	1.0	0	6	1.538618516324144
171	1.0	0	6	1.538618516324144
172	1.0	0	6	1.538618516324144
173	1.0	0	6	1.538618516324144
174	1.0	0	6	1.538618516324144
175	1.0	0	6	1.5939938288872426
176	1.0	0	6	1.5939938288872426
177	1.0	0	6	1.5939938288872426
178	1.0	1	7	1.8013600304169273
179	1.0	1	7	1.8013600304169273
180	1.0	1	7	1.8013600304169273
181	1.0	1	7	1.8013600304169273
182	1.0	1	7	1.8013600304169273
183	1.0	1	7	1.8013600304169273
184	1.0	1	7	1.8013600304169273
185	1.0	1	7	1.8013600304169273
186	1.0	1	7	1.8013600304169273
187	1.0	1	7	1.8013600304169273
188	1.0	1	7	1.8013600304169273
189	1.0	1	7	1.8013600304169273
190	1.0	1	7	1.8070158058105026
191	1.0	1	7	1.8070158058105026
192	1.0	1	7	1.8070158058105026
193	1.0	2	6	1.8013600304169273
194	1.0	2	6	1.8013600304169273
195	1.0	2	6	1.8013600304169273
196	1.0	2	6	1.8013600304169273
197	1.0	2	6	1.8013600304169273
198	1.0	2	6	1.8013600304169273
199	1.0	2	6	1.8013600304169273
200	1.0	2	6	1.859888080898791
201	1.0	5	6	2.065261756400137
202	1.0	2	6	2.065261756400137
203	1.0	2	6	2.065261756400137
204	1.0	2	6	2.065261756400137
205	1.0	2	6	2.065261756400137
206	1.0	2	6	2.065261756400137
207	1.0	2	6	2.065261756400137
208	1.0	2	6	2.065261756400137
209	1.0	2	6	2.065261756400137
210	1.0	2	6	2.065261756400137
211	1.0	2	6	2.065261756400137
212	1.0	2	6	2.065261756400137
213	1.0	2	6	2.065261756400137
214	1.0	2	6	2.0603150145508513
215	1.0	2	6	2.0603150145508513
216	1.0	2	6	2.0603150145508513
217	1.0	2	6	2.0603150145508513
218	1.0	2	6	2.0603150145508513
219	1.0	2	6	2.0603150145508513
220	1.0	2	6	2.0603150145508513
221	1.0	2	6	2.0603150145508513
222	1.0	2	6	2.0603150145508513
223	1.0	2	6	2.0603150145508513
224	1.0	2	6	2.0603150145508513
225	1.0	3	6	2.0922597879824014
226	1.0	3	6	2.114092655278392
227	1.0	3	7	2.1404748662530997
228	1.0	3	7	2.1404748662530997
229	1.0	3	7	2.1404748662530997
230	1.0	4	7	2.2062064587829284
231	1.0	4	7	2.2062064587829284
232	1.0	4	7	2.2062064587829284
233	1.0	4	7	2.2062064587829284
234	1.0	4	7	2.2062064587829284
235	1.0	4	7	2.2062064587829284
236	1.0	4	7	2.2062064587829284
237	1.0	4	7	2.2062064587829284
238	1.0	3	7	2.187627547301936
239	1.0	3	7	2.187627547301936
240	1.0	3	7	2.187627547301936
241	1.0	3	7	2.1712405933672376
242	1.0	3	7	2.1712405933672376
243	1.0	3	7	2.1712405933672376
244	1.0	3	7	2.1712405933672376
245	1.0	3	7	2.1712405933672376
246	1.0	3	7	2.1712405933672376
247	1.0	3	7	2.1712405933672376
248	1.0	3	7	2.1712405933672376
249	1.0	3	7	2.1712405933672376
250	1.0	3	7	2.2383485165703427
251	1.0	3	7	2.2383485165703427
252	1.0	3	7	2.2383485165703427
253	1.0	3	7	2.2632827882506943
254	1.0	3	7	2.2632827882506943
255	1.0	3	7	2.3035022137995855
256	1.0	3	7	2.3012862419410016
257	1.0	3	7	2.3012862419410016
258	1.0	3	7	2.3012862419410016
259	1.0	3	7	2.276768207215604
260	1.0	3	7	2.276768207215604
261	1.0	4	7	2.272281960083838
262	1.0	4	7	2.272281960083838
263	1.0	3	7	2.272281960083838
264	1.0	3	7	2.272281960083838
265	1.0	3	7	2.272281960083838
266	1.0	3	7	2.272281960083838
267	1.0	3	7	2.272281960083838
268	1.0	3	7	2.272281960083838
269	1.0	3	7	2.272281960083838
270	1.0	3	7	2.272281960083838
271	1.0	3	7	2.272281960083838
272	1.0	3	7	2.272281960083838
273	1.0	3	7	2.272281960083838
274	1.0	3	7	2.272281960083838
275	1.0	3	7	2.2968478844019327
276	1.0	3	7	2.2968478844019327
277	1.0	4	7	2.4285714285714284
278	1.0	4	7	2.4285714285714284
279	1.0	4	7	2.4285714285714284
280	1.0	4	7	2.4285714285714284
281	1.0	4	7	2.4285714285714284
282	1.0	4	7	2.4285714285714284
283	1.0	4	7	2.4285714285714284
284	1.0	4	7	2.4285714285714284
285	1.0	4	7	2.4285714285714284
286	1.0	4	7	2.4285714285714284
287	1.0	4	7	2.4285714285714284
288	1.0	4	7	2.4285714285714284
289	1.0	4	7	2.4285714285714284
290	1.0	4	7	2.413820749816543
291	1.0	4	7	2.413820749816543
292	1.0	4	7	2.413820749816543
293	1.0	4	7	2.413820749816543
294	1.0	4	7	2.413820749816543
295	1.0	4	7	2.390457218668787
296	1.0	4	7	2.390457218668787
297	1.0	4	7	2.390457218668787
298	1.0	4	7	2.390457218668787
299	1.0	4	7	2.390457218668787
300	1.0	4	7	2.4201534780139164
301	1.0	4	7	2.4201534780139164
302	1.0	4	7	2.4053511772118195
303	1.0	4	7	2.4053511772118195
304	1.0	4	7	2.4053511772118195
305	1.0	4	8	2.4557304910958693
306	1.0	4	8	2.4557304910958693
307	1.0	4	8	2.4557304910958693
308	1.0	4	8	2.4557304910958693
309	1.0	4	8	2.4557304910958693
310	1.0	4	8	2.4557304910958693
311	1.0	4	8	2.4557304910958693
312	1.0	4	9	2.4640269015229057
313	1.0	4	9	2.4907993963089563
314	1.0	4	9	2.4907993963089563
315	1.0	4	9	2.4907993963089563
316	1.0	4	9	2.4907993963089563
317	1.0	4	9	2.4907993963089563
318	1.0	4	9	2.4907993963089563
319	1.0	4	9	2.4907993963089563
320	1.0	4	9	2.4907993963089563
321	1.0	4	9	2.4907993963089563
322	1.0	4	9	2.4907993963089563
323	1.0	4	9	2.4907993963089563
324	1.0	4	9	2.4907993963089563
325	1.0	4	9	2.505096845250026
326	1.0	4	9	2.505096845250026
327	1.0	4	9	2.509166867178614
328	1.0	4	9	2.509166867178614
329	1.0	4	9	2.5495097567963922
330	1.0	4	9	2.5495097567963922
331	1.0	4	9	2.5495097567963922
332	1.0	4	9	2.5495097567963922
333	1.0	4	9	2.5495097567963922
334	1.0	4	9	2.5495097567963922
335	1.0	4	9	2.5495097567963922
336	1.0	4	9	2.5495097567963922
337	1.0	4	9	2.531435020952764
338	1.0	4	9	2.531435020952764
339	1.0	4	9	2.531435020952764
340	1.0	4	9	2.531435020952764
341	1.0	3	9	2.5274008589934476
342	1.0	3	10	2.561488725291587
343	1.0	3	10	2.589224137198837
344	1.0	3	10	2.589224137198837
345	1.0	10	10	2.746054683820155
346	1.0	11	10	2.7255405754769875
347	1.0	11	10	2.7255405754769875
348	1.0	11	10	2.7255405754769875
349	1.0	11	10	2.7255405754769875
350	1.0	11	10	2.7255405754769875
351	1.0	11	10	2.746054683820155
352	1.0	11	10	2.746054683820155
353	1.0	11	10	2.729281882077543
354	1.0	11	10	2.7534764667709117
355	1.0	10	10	2.7534764667709117
356	1.0	10	10	2.7534764667709117
357	1.0	10	10	2.7774602993176543
358	1.0	10	10	2.7774602993176543
359	1.0	10	10	2.7774602993176543
360	1.0	10	10	2.7774602993176543
361	1.0	10	10	2.7774602993176543
362	1.0	10	10	2.7774602993176543
363	1.0	10	10	2.7774602993176543
364	1.0	9	10	2.7608782985839553
365	1.0	9	10	2.7645717829090897
366	1.0	9	10	2.7645717829090897
367	1.0	9	10	2.7884601851347335
368	1.0	9	10	2.7884601851347335
369	1.0	9	10	2.7884601851347335
370	1.0	9	10	2.7884601851347335
371	1.0	9	10	2.768260339296586
372	1.0	9	10	2.768260339296586
373	1.0	9	10	2.768260339296586
374	1.0	9	10	2.768260339296586
375	1.0	9	10	2.757179866516969
376	1.0	9	10	2.757179866516969
377	1.0	9	10	2.757179866516969
378	1.0	9	10	2.7866298861615943
379	1.0	9	10	2.7866298861615943
380	1.0	9	10	2.7866298861615943
381	1.0	9	10	2.7866298861615943
382	1.0	9	10	2.7866298861615943
383	1.0	9	10	2.7866298861615943
384	1.0	9	10	2.7866298861615943
385	1.0	9	10	2.7866298861615943
386	1.0	9	10	2.7866298861615943
387	1.0	9	10	2.7866298861615943
388	1.0	9	10	2.7737839769925143
389	1.0	9	10	2.7737839769925143
390	1.0	9	10	2.7737839769925143
391	1.0	9	10	2.7737839769925143
392	1.0	9	10	2.7608782985839553
393	1.0	9	10	2.768260339296586
394	1.0	9	10	2.759029702261138
395	1.0	9	10	2.759029702261138
396	1.0	9	10	2.759029702261138
397	1.0	9	10	2.759029702261138
398	1.0	9	10	2.759029702261138
399	1.0	9	10	2.759029702261138
400	1.0	9	10	2.7866298861615943
401	1.0	9	10	2.810330796129429
402	1.0	9	10	2.7902892835178013
403	1.0	9	10	2.7902892835178013
404	1.0	9	11	2.837432009434458
405	1.0	9	11	2.837432009434458
406	1.0	9	11	2.837432009434458
407	1.0	9	11	2.837432009434458
408	1.0	9	11	2.837432009434458
409	1.0	9	11	2.837432009434458
410	1.0	9	11	2.837432009434458
411	1.0	9	11	2.8678371285549615
412	1.0	9	11	2.8678371285549615
413	1.0	9	11	2.8678371285549615
414	1.0	9	11	2.858928013741357
415	1.0	9	11	2.858928013741357
416	1.0	9	11	2.858928013741357
417	1.0	9	11	2.857142857142857
418	1.0	9	11	2.857142857142857
419	1.0	9	11	2.8499910490371434
420	1.0	9	11	2.8499910490371434
421	1.0	9	11	2.8499910490371434
422	1.0	9	11	2.8499910490371434
423	1.0	8	11	2.842821248876057
424	1.0	9	11	2.858928013741357
425	2.0	9	11	2.7367491515240023
426	2.0	9	11	2.7367491515240023
427	2.0	9	11	2.7367491515240023
428	2.0	9	11	2.7367491515240023
429	2.0	9	11	2.75532878885513
430	2.0	9	11	2.75532878885513
431	2.0	9	11	2.75532878885513
432	2.0	9	11	2.75532878885513
433	2.0	9	11	2.75532878885513
434	2.0	9	11	2.75532878885513
435	2.0	9	11	2.75532878885513
436	2.0	9	11	2.75532878885513
437	2.0	9	11	2.746054683820155
438	2.0	9	11	2.746054683820155
439	2.0	9	11	2.746054683820155
440	2.0	9	11	2.746054683820155
441	2.0	9	11	2.746054683820155
442	2.0	9	11	2.746054683820155
443	2.0	9	11	2.746054683820155
444	2.0	9	11	2.746054683820155
445	2.0	9	11	2.746054683820155
446	2.0	9	11	2.746054683820155
447	2.0	9	11	2.7330180671012845
448	2.0	9	11	2.7330180671012845
449	2.0	9	11	2.7330180671012845
450	2.0	9	11	2.7330180671012845
451	2.0	9	11	2.7330180671012845
452	2.0	9	11	2.7330180671012845
453	2.0	9	11	2.7330180671012845
454	2.0	9	11	2.7330180671012845
455	2.0	9	11	2.742336260064638
456	2.0	9	11	2.742336260064638
457	2.0	9	11	2.742336260064638
458	2.0	9	11	2.742336260064638
459	2.0	9	11	2.7497680792743084
460	2.0	9	11	2.7497680792743084
461	2.0	9	11	2.7497680792743084
462	2.0	10	11	2.7921171836702947
463	2.0	10	11	2.823010406481358
464	2.0	10	11	2.823010406481358
465	2.0	10	11	2.823010406481358
466	2.0	10	11	2.817583274759431
467	2.0	10	11	2.7866298861615943
468	2.0	10	11	2.7866298861615943
469	2.0	9	11	2.833833489268196
470	2.0	9	11	2.833833489268196
471	2.0	9	11	2.833833489268196
472	2.0	9	11	2.8749445424997297
473	2.0	9	11	2.8749445424997297
474	2.0	9	11	2.8749445424997297
475	2.0	9	11	2.8749445424997297
476	2.0	9	11	2.8749445424997297
477	2.0	9	11	2.8749445424997297
478	2.0	9	11	2.9049570582375366
479	2.0	9	11	2.9049570582375366
480	2.0	9	11	2.9137254363387344
481	2.0	9	11	2.9137254363387344
482	2.0	9	11	2.9137254363387344
483	2.0	9	11	2.9137254363387344
484	2.0	9	11	2.9137254363387344
485	2.0	9	11	2.9137254363387344
486	2.0	9	11	2.9277002188455996
487	2.0	9	11	2.9277002188455996
488	2.0	9	11	2.9277002188455996
489	2.0	9	11	2.9277002188455996
490	2.0	9	11	2.9277002188455996
491	2.0	9	11	2.9277002188455996
492	2.0	9	11	2.9277002188455996
493	2.0	9	11	2.9277002188455996
494	2.0	9	12	2.9812338221013155
495	2.0	9	12	2.98977850520805
496	2.0	9	12	3.011881234615431
497	2.0	9	12	3.011881234615431
498	2.0	9	12	3.011881234615431
499	2.0	9	12	3.011881234615431
500	2.0	9	12	3.011881234615431
501	2.0	9	12	2.9709477632979175
502	2.0	9	12	2.9692299558323607
503	2.0	9	12	2.9692299558323607
504	2.0	9	12	2.982944716831586
505	2.0	9	12	2.982944716831586
506	2.0	10	12	2.9657913560038134
507	2.0	10	12	2.991484513053132
508	2.0	10	12	3.0017001984929563
509	2.0	10	12	3.0017001984929563
510	2.0	10	12	3.0017001984929563
511	2.0	10	12	3.0017001984929563
512	2.0	10	12	3.0017001984929563
513	2.0	10	12	3.0017001984929563
514	2.0	10	12	2.98977850520805
515	2.0	10	12	2.98977850520805
516	2.0	10	12	2.98977850520805
517	2.0	10	12	2.98977850520805
518	2.0	10	12	3.01864951558792
519	2.0	10	12	3.01864951558792
520	2.0	9	12	3.1216819119160224
521	2.0	9	12	3.1216819119160224
522	2.0	9	12	3.1216819119160224
523	2.0	9	12	3.1216819119160224
524	2.0	9	12	3.1216819119160224
525	2.0	9	12	3.1379832337841136
526	2.0	9	12	3.1379832337841136
527	2.0	9	12	3.1379832337841136
528	2.0	9	12	3.1379832337841136
529	2.0	10	12	3.270149469217028
530	2.0	10	12	3.270149469217028
531	2.0	10	12	3.270149469217028
532	2.0	10	12	3.270149469217028
533	2.0	10	12	3.270149469217028
534	2.0	10	12	3.270149469217028
535	2.0	10	12	3.270149469217028
536	2.0	10	12	3.282607226593159
537	2.0	10	12	3.282607226593159
538	2.0	10	12	3.282607226593159
539	2.0	10	12	3.282607226593159
540	2.0	10	12	3.282607226593159
541	2.0	10	12	3.282607226593159
542	2.0	10	12	3.282607226593159
543	2.0	10	12	3.282607226593159
544	2.0	10	12	3.282607226593159
545	2.0	10	12	3.282607226593159
546	2.0	10	12	3.282607226593159
547	2.0	10	12	3.282607226593159
548	2.0	10	12	3.282607226593159
549	2.0	10	12	3.282607226593159
550	2.0	10	12	3.282607226593159
551	2.0	10	12	3.282607226593159
552	2.0	10	12	3.282607226593159
553	2.0	10	12	3.282607226593159
554	2.0	10	12	3.325841921949376
555	2.0	10	12	3.325841921949376
556	2.0	10	12	3.325841921949376
557	2.0	10	12	3.325841921949376
558	2.0	10	12	3.325841921949376
559	2.0	10	12	3.325841921949376
560	2.0	10	12	3.325841921949376
561	2.0	10	12	3.302750863341969
562	2.0	10	12	3.302750863341969
563	2.0	10	12	3.302750863341969
564	2.0	10	13	3.3150861102492266
565	2.0	10	13	3.3441999744913216
566	2.0	10	13	3.347249861102852
567	2.0	10	13	3.330440921964219
568	2.0	10	13	3.330440921964219
569	2.0	10	13	3.319700011034929
570	2.0	10	13	3.3212365535893342
571	2.0	10	13	3.3212365535893342
572	2.0	10	13	3.3212365535893342
573	2.0	10	13	3.3396199221602743
574	2.0	10	13	3.3396199221602743
575	2.0	10	13	3.3396199221602743
576	2.0	15	14	3.446382309089948
577	2.0	15	14	3.446382309089948
578	2.0	15	14	3.446382309089948
579	2.0	15	14	3.446382309089948
580	2.0	15	14	3.4270830102557586
581	2.0	15	14	3.4270830102557586
582	2.0	15	14	3.4255939452233712
583	2.0	15	14	3.4255939452233712
584	2.0	15	14	3.4255939452233712
585	2.0	15	14	3.4255939452233712
586	2.0	15	14	3.4255939452233712
587	2.0	15	14	3.4255939452233712
588	2.0	15	14	3.4255939452233712
589	2.0	15	14	3.4255939452233712
590	2.0	15	14	3.4255939452233712
591	2.0	15	14	3.4091713039376352
592	2.0	15	14	3.413658041528149
593	2.0	15	14	3.440455593940656
594	2.0	15	14	3.4419382294733594
595	2.0	15	14	3.4419382294733594
596	2.0	15	14	3.4419382294733594
597	2.0	15	14	3.4478623960420487
598	2.0	15	14	3.4478623960420487
599	2.0	15	14	3.4478623960420487
600	2.0	15	14	3.4478623960420487
601	2.0	15	14	3.4434202266268428
602	2.0	15	14	3.4434202266268428
603	2.0	15	14	3.4434202266268428
604	2.0	15	14	3.4434202266268428
605	2.0	15	14	3.4434202266268428
606	2.0	15	14	3.4434202266268428
607	2.0	15	14	3.4434202266268428
608	2.0	15	14	3.3956755211442036
609	2.0	15	14	3.363974811233319
610	2.0	15	14	3.363974811233319
611	2.0	15	14	3.363974811233319
612	2.0	15	14	3.363974811233319
613	2.0	15	14	3.363974811233319
614	2.0	15	14	3.363974811233319
615	2.0	15	14	3.363974811233319
616	2.0	15	14	3.363974811233319
617	2.0	15	14	3.3821258862147756
618	2.0	15	14	3.3821258862147756
619	2.0	15	14	3.3821258862147756
620	2.0	15	14	3.3821258862147756
621	2.0	15	13	3.3365630611790467
622	2.0	15	13	3.3365630611790467
623	2.0	15	13	3.3365630611790467
624	2.0	15	13	3.3365630611790467
625	2.0	15	13	3.3365630611790467
626	2.0	15	13	3.3365630611790467
627	2.0	15	14	3.3821258862147756
628	2.0	15	14	3.388154635894692
629	2.0	15	14	3.388154635894692
630	2.0	15	14	3.388154635894692
631	2.0	15	14	3.356382892705923
632	2.0	15	14	3.356382892705923
633	2.0	15	14	3.356382892705923
634	2.0	15	14	3.356382892705923
635	2.0	15	14	3.356382892705923
636	2.0	15	14	3.356382892705923
637	2.0	15	14	3.356382892705923
638	2.0	15	14	3.356382892705923
639	2.0	15	14	3.356382892705923
640	2.0	15	14	3.356382892705923
641	2.0	15	14	3.356382892705923
642	2.0	15	13	3.3212365535893342
643	2.0	15	13	3.3212365535893342
644	2.0	15	13	3.3212365535893342
645	2.0	15	13	3.3212365535893342
646	2.0	15	13	3.3212365535893342
647	2.0	15	13	3.3212365535893342
648	2.0	15	13	3.3212365535893342
649	2.0	15	13	3.3212365535893342
650	2.0	15	13	3.322772385603716
651	2.0	15	13	3.3365630611790467
652	2.0	15	13	3.3365630611790467
653	2.0	15	13	3.368521749300456
654	2.0	15	13	3.368521749300456
655	2.0	15	13	3.386648454608485
656	2.0	15	13	3.354862447376394
657	2.0	15	13	3.3441999744913216
658	2.0	15	13	3.3441999744913216
659	2.0	15	13	3.3441999744913216
660	2.0	15	13	3.3441999744913216
661	2.0	15	13	3.3441999744913216
662	2.0	15	13	3.3441999744913216
663	2.0	15	13	3.3441999744913216
664	2.0	15	13	3.3441999744913216
665	2.0	15	13	3.3441999744913216
666	2.0	15	13	3.3441999744913216
667	2.0	15	13	3.3441999744913216
668	2.0	15	13	3.3441999744913216
669	2.0	15	13	3.3441999744913216
670	2.0	15	13	3.3441999744913216
671	2.0	15	13	3.3457252653229625
672	2.0	15	13	3.3243075080628848
673	2.0	15	13	3.3243075080628848
674	2.0	15	13	3.3243075080628848
675	2.0	15	13	3.356382892705923
676	2.0	15	13	3.3609401017195975
677	2.0	15	13	3.3609401017195975
678	2.0	15	13	3.3502969713024497
679	2.0	15	14	3.430059201012277
680	2.0	15	14	3.430059201012277
681	2.0	15	14	3.430059201012277
682	2.0	15	14	3.430059201012277
683	2.0	15	14	3.430059201012277
684	2.0	15	14	3.430059201012277
685	2.0	14	14	3.453776401067595
686	2.0	14	14	3.4611546970244906
687	2.0	15	14	3.471457965777962
688	2.0	15	14	3.471457965777962
689	2.0	15	14	3.471457965777962
690	2.0	15	14	3.471457965777962
691	2.0	15	14	3.471457965777962
692	2.0	15	14	3.471457965777962
693	2.0	15	14	3.4773318413251673
694	2.0	15	14	3.4641016151377544
695	2.0	14	14	3.4641016151377544
696	2.0	14	14	3.4641016151377544
697	2.0	14	14	3.4641016151377544
698	2.0	14	14	3.4641016151377544
699	2.0	14	14	3.4641016151377544
700	2.0	14	14	3.4773318413251673
701	2.0	14	14	3.484660262185848
702	2.0	14	14	3.5283111529224196
703	2.0	14	14	3.5283111529224196
704	2.0	14	14	3.5427419336106416
705	2.0	14	15	3.5152727998183666
706	2.0	14	15	3.5152727998183666
707	2.0	14	15	3.5152727998183666
708	2.0	14	15	3.5080083308024785
709	2.0	14	15	3.5080083308024785
710	2.0	14	15	3.5080083308024785
711	2.0	14	15	3.5080083308024785
712	2.0	14	16	3.547059719410039
713	2.0	14	16	3.547059719410039
714	2.0	12	16	3.5369766866114136
715	2.0	12	16	3.5369766866114136
716	2.0	12	16	3.5369766866114136
717	2.0	12	17	3.551372255616015
718	2.0	12	17	3.551372255616015
719	2.0	12	17	3.567140282623935
720	2.0	12	17	3.567140282623935
721	2.0	12	17	3.5427419336106416
722	2.0	12	17	3.552808604413111
723	2.0	12	17	3.5714285714285716
724	2.0	12	17	3.5714285714285716
725	2.0	12	17	3.5714285714285716
726	2.0	12	17	3.5785642999643854
727	2.0	12	17	3.611207045647011
728	2.0	12	17	3.611207045647011
729	2.0	12	17	3.584262654369822
730	2.0	12	17	3.584262654369822
731	2.0	12	17	3.584262654369822
732	2.0	12	17	3.5942130358311783
733	2.0	12	17	3.5942130358311783
734	2.0	12	17	3.5942130358311783
735	2.0	12	17	3.5942130358311783
736	2.0	12	17	3.5942130358311783
737	2.0	12	17	3.5942130358311783
738	2.0	12	17	3.5871084369970627
739	2.0	12	17	3.5871084369970627
740	2.0	12	17	3.5871084369970627
741	2.0	12	17	3.5871084369970627
742	2.0	12	17	3.5871084369970627
743	2.0	12	17	3.5871084369970627
744	2.0	12	17	3.5871084369970627
745	2.0	12	17	3.5871084369970627
746	2.0	12	17	3.565709706956767
747	2.0	12	17	3.565709706956767
748	2.0	12	17	3.565709706956767
749	2.0	12	17	3.565709706956767
750	2.0	12	17	3.575711717366808
751	2.0	12	17	3.609793933855222
752	2.0	12	17	3.5970509462897633
753	2.0	12	17	3.5970509462897633
754	2.0	12	17	3.625307868699863
755	2.0	12	17	3.625307868699863
756	2.0	12	17	3.625307868699863
757	2.0	12	17	3.625307868699863
758	2.0	12	18	3.6477558099439156
759	2.0	12	18	3.649154221269943
760	2.0	12	18	3.649154221269943
761	2.0	12	18	3.649154221269943
762	2.0	12	19	3.6770107646382146
763	2.0	12	19	3.6770107646382146
764	2.0	12	19	3.6770107646382146
765	2.0	12	19	3.649154221269943
766	2.0	12	19	3.649154221269943
767	2.0	12	19	3.649154221269943
768	2.0	12	19	3.649154221269943
769	2.0	12	19	3.649154221269943
770	2.0	12	19	3.649154221269943
771	2.0	12	19	3.649154221269943
772	2.0	12	19	3.649154221269943
773	2.0	12	19	3.649154221269943
774	2.0	11	19	3.656138254877065
775	2.0	11	19	3.672845752052126
776	2.0	12	19	3.682556787042926
777	2.0	12	19	3.682556787042926
778	2.0	12	18	3.6435573556733853
779	2.0	12	18	3.654742515847438
780	2.0	12	18	3.6519494374754906
781	2.0	12	18	3.6421567954234177
782	2.0	12	18	3.6421567954234177
783	2.0	12	18	3.6421567954234177
784	2.0	12	18	3.6421567954234177
785	2.0	12	18	3.6421567954234177
786	2.0	12	18	3.6421567954234177
787	2.0	12	18	3.6421567954234177
788	2.0	12	18	3.6421567954234177
789	2.0	12	18	3.6421567954234177
790	2.0	12	18	3.6421567954234177
791	2.0	12	18	3.6421567954234177
792	2.0	12	18	3.6421567954234177
793	2.0	12	18	3.6267149356531725
794	2.0	12	18	3.6267149356531725
795	2.0	11	18	3.6267149356531725
796	2.0	12	19	3.704657851397126
797	2.0	12	19	3.704657851397126
798	2.0	12	19	3.704657851397126
799	2.0	12	19	3.704657851397126
800	2.0	12	19	3.7211475078946017
801	2.0	11	19	3.7279966716285395
802	2.0	11	19	3.730732816343027
803	2.0	11	19	3.74574588632197
804	2.0	11	19	3.770183777256185
805	2.0	11	19	3.7443835491660447
806	2.0	11	18	3.7115374447904514
807	2.0	11	18	3.723888685067736
808	2.0	11	19	3.81056533381404
809	2.0	11	19	3.8597874531732272
810	2.0	11	19	3.857142857142857
811	2.0	11	19	3.857142857142857
812	2.0	11	19	3.948649988881501
813	2.0	11	19	3.973123995763823
814	2.0	11	19	4.060762972443398
815	2.0	11	19	4.060762972443398
816	2.0	11	19	4.051958458195096
817	2.0	11	19	4.051958458195096
818	2.0	11	19	4.051958458195096
819	2.0	11	19	4.033026918140886
820	2.0	11	19	4.06453049727337
821	2.0	11	19	4.180860179046256
822	3.0	11	19	4.095791767666129
823	3.0	11	19	4.1637404690827635
824	3.0	11	19	4.1906114696778936
825	3.0	11	19	4.224563737891784
826	3.0	11	20	4.363578385514647
827	3.0	11	20	4.348351787206978
828	3.0	11	20	4.348351787206978
829	3.0	11	20	4.386900723652596
830	3.0	11	21	4.427419204946211
831	3.0	11	21	4.427419204946211
832	3.0	11	21	4.427419204946211
833	3.0	11	21	4.427419204946211
834	3.0	11	21	4.427419204946211
835	3.0	11	21	4.442374801561775
836	3.0	11	21	4.442374801561775
837	3.0	11	22	4.51640998843921
838	3.0	11	22	4.51640998843921
839	3.0	11	22	4.51640998843921
840	3.0	11	23	4.569195883348422
841	3.0	11	23	4.569195883348422
842	3.0	11	23	4.569195883348422
843	3.0	11	23	4.58257569495584
844	3.0	11	23	4.58257569495584
845	3.0	11	23	4.58257569495584
846	3.0	11	24	4.627998200835733
847	3.0	11	24	4.627998200835733
848	3.0	11	24	4.60921880140048
849	3.0	11	24	4.60921880140048
850	3.0	11	24	4.653284992829238
851	3.0	11	24	4.66642370601745
852	3.0	11	24	4.66642370601745
853	3.0	11	24	4.66642370601745
854	3.0	11	25	4.731570046194055
855	3.0	11	25	4.731570046194055
856	3.0	11	25	4.731570046194055
857	3.0	11	25	4.731570046194055
858	3.0	11	25	4.731570046194055
859	3.0	11	25	4.731570046194055
860	3.0	11	25	4.731570046194055
861	3.0	11	25	4.731570046194055
862	3.0	11	25	4.731570046194055
863	3.0	11	25	4.731570046194055
864	3.0	11	25	4.765950662174936
865	3.0	11	25	4.765950662174936
866	3.0	11	25	4.776643856371568
867	3.0	11	25	4.758451128556134
868	3.0	11	25	4.753087074175465
869	3.0	11	25	4.757378801527632
870	3.0	11	25	4.756306232738998
871	3.0	11	25	4.756306232738998
872	3.0	11	25	4.756306232738998
873	3.0	11	25	4.756306232738998
874	3.0	11	25	4.756306232738998
875	3.0	11	25	4.779847149806174
876	3.0	11	25	4.779847149806174
877	3.0	11	26	4.859243243341414
878	3.0	11	26	4.859243243341414
879	3.0	11	26	4.8665874562559495
880	3.0	11	26	4.880197386439635
881	3.0	11	26	4.880197386439635
882	3.0	11	26	4.880197386439635
883	3.0	11	26	4.880197386439635
884	3.0	11	26	4.880197386439635
885	3.0	11	26	4.880197386439635
886	3.0	11	26	4.895854139483941
887	3.0	11	26	4.895854139483941
888	3.0	11	26	4.90210283907814
889	3.0	11	26	4.896896143143603
890	3.0	11	26	4.896896143143603
891	3.0	11	26	4.896896143143603
892	3.0	11	26	4.897937925123934
893	3.0	11	26	4.884377427793931
894	3.0	11	26	4.884377427793931
895	3.0	11	26	4.90210283907814
896	3.0	11	26	4.90210283907814
897	3.0	11	26	4.90210283907814
898	3.0	11	26	4.921838050557776
899	3.0	11	26	4.921838050557776
900	3.0	11	26	4.920801328471382
901	3.0	11	26	4.9856938190329
902	3.0	11	26	4.9856938190329
903	3.0	11	26	5.002040400003313
904	3.0	11	26	5.073943038622297
905	3.0	11	26	5.073943038622297
906	3.0	11	26	5.073943038622297
907	3.0	11	26	5.073943038622297
908	3.0	11	26	5.036600732515484
909	3.0	11	26	5.036600732515484
910	3.0	11	26	5.036600732515484
911	3.0	11	26	5.036600732515484
912	3.0	11	26	5.067906221447646
913	3.0	11	26	5.091008480344418
914	3.0	11	26	5.091008480344418
915	3.0	11	27	5.138887356744271
916	3.0	11	27	5.138887356744271
917	3.0	11	27	5.130938570305134
918	3.0	11	27	5.130938570305134
919	3.0	11	27	5.11300861947808
920	3.0	11	27	5.11300861947808
921	3.0	11	27	5.11300861947808
922	3.0	11	27	5.080976926793926
923	3.0	11	27	5.080976926793926
924	3.0	11	27	5.080976926793926
925	3.0	11	27	5.080976926793926
926	3.0	11	27	5.080976926793926
927	3.0	11	27	5.089003751587678
928	3.0	11	27	5.102020408122449
929	3.0	11	27	5.102020408122449
930	3.0	11	27	5.149796905050267
931	3.0	11	27	5.149796905050267
932	3.0	11	27	5.149796905050267
933	3.0	11	27	5.132926920920481
934	3.0	11	27	5.132926920920481
935	3.0	11	27	5.132926920920481
936	3.0	11	27	5.121981440570731
937	3.0	11	27	5.138887356744271
938	3.0	11	27	5.131932841910302
939	3.0	11	27	5.131932841910302
940	3.0	11	27	5.131932841910302
941	3.0	11	27	5.1715469599708435
942	3.0	11	27	5.138887356744271
943	3.0	11	27	5.138887356744271
944	3.0	11	27	5.138887356744271
945	3.0	11	27	5.161671932897048
946	3.0	11	27	5.149796905050267
947	3.0	11	27	5.138887356744271
948	3.0	11	27	5.138887356744271
949	3.0	11	27	5.138887356744271
950	3.0	11	27	5.129944105992992
951	3.0	11	27	5.129944105992992
952	3.0	11	27	5.129944105992992
953	3.0	11	27	5.129944105992992
954	3.0	11	27	5.148806083125743
955	3.0	11	27	5.148806083125743
956	3.0	11	27	5.148806083125743
957	3.0	11	27	5.148806083125743
958	3.0	11	27	5.148806083125743
959	3.0	11	27	5.148806083125743
960	3.0	11	27	5.148806083125743
961	3.0	11	27	5.187307901532945
962	3.0	11	27	5.187307901532945
963	3.0	11	27	5.18435637474973
964	3.0	11	27	5.18435637474973
965	3.0	11	27	5.181403166663467
966	3.0	11	27	5.181403166663467
967	3.0	11	27	5.181403166663467
968	3.0	11	27	5.181403166663467
969	3.0	11	27	5.181403166663467
970	3.0	11	27	5.181403166663467
971	3.0	11	27	5.181403166663467
972	3.0	11	27	5.174505793221381
973	3.0	11	27	5.174505793221381
974	3.0	11	27	5.176477409140983
975	3.0	11	27	5.257647491307984
976	3.0	11	27	5.253764442409512
977	3.0	11	27	5.253764442409512
978	3.0	11	27	5.306907320287631
979	3.0	11	27	5.306907320287631
980	3.0	11	27	5.307868629474085
981	3.0	11	27	5.307868629474085
982	3.0	11	27	5.307868629474085
983	3.0	11	27	5.307868629474085
984	3.0	11	27	5.307868629474085
985	3.0	11	27	5.307868629474085
986	3.0	11	27	5.307868629474085
987	3.0	11	27	5.261527674486541
988	3.0	11	27	5.261527674486541
989	3.0	11	27	5.261527674486541
990	3.0	11	27	5.283783431116266
991	3.0	11	27	5.283783431116266
992	3.0	11	27	5.283783431116266
993	3.0	11	27	5.283783431116266
994	3.0	11	27	5.283783431116266
995	3.0	11	27	5.317472162981357
996	3.0	11	27	5.317472162981357
997	3.0	11	27	5.317472162981357
998	3.0	11	27	5.317472162981357
999	3.0	11	27	5.317472162981357
1000	3.0	11	27	5.317472162981357
1001	3.0	11	27	5.317472162981357
1002	3.0	11	27	5.33280184426574
1003	3.0	11	27	5.33280184426574
1004	3.0	11	27	5.307868629474085
1005	3.0	11	27	5.343315488361441
1006	3.0	11	27	5.350948800093726
1007	3.0	11	27	5.350948800093726
1008	3.0	11	27	5.350948800093726
1009	3.0	11	27	5.350948800093726
1010	3.0	11	27	5.350948800093726
1011	3.0	11	27	5.377580064205346
1012	3.0	11	27	5.377580064205346
1013	3.0	11	27	5.377580064205346
1014	3.0	11	27	5.377580064205346
1015	3.0	11	27	5.362378394035274
1016	3.0	11	27	5.362378394035274
1017	3.0	11	27	5.295357997957326
1018	3.0	11	27	5.286679448560952
1019	3.0	11	27	5.286679448560952
1020	3.0	11	27	5.286679448560952
1021	3.0	11	27	5.26249727325539
1022	3.0	11	27	5.26249727325539
1023	3.0	11	27	5.26249727325539
1024	3.0	11	27	5.26249727325539
1025	3.0	11	27	5.26249727325539
1026	3.0	11	27	5.26249727325539
1027	3.0	11	27	5.26249727325539
1028	3.0	11	27	5.3213087234826215
1029	3.0	11	27	5.3213087234826215
1030	3.0	11	27	5.3213087234826215
1031	3.0	11	27	5.323225966824774
1032	3.0	11	27	5.323225966824774
1033	3.0	11	27	5.311712126450916
1034	3.0	11	27	5.311712126450916
1035	3.0	11	27	5.3423605575186155
1036	3.0	11	27	5.372834162597568
1037	3.0	11	27	5.372834162597568
1038	3.0	11	27	5.372834162597568
1039	3.0	11	27	5.366182848855128
1040	3.0	11	30	5.494895590547686
1041	3.0	11	30	5.494895590547686
1042	3.0	11	30	5.48839220351387
1043	3.0	11	30	5.48839220351387
1044	3.0	11	30	5.48839220351387
1045	3.0	11	30	5.481881101242826
1046	3.0	11	30	5.481881101242826
1047	3.0	11	30	5.478156996804003
1048	3.0	11	30	5.478156996804003
1049	3.0	11	30	5.473498303048005
1050	3.0	11	30	5.461367101032936
1051	3.0	11	30	5.461367101032936
1052	3.0	11	31	5.5171347192364335
1053	3.0	11	31	5.533755413784733
1054	3.0	11	31	5.524527867905574
1055	3.0	11	31	5.524527867905574
1056	3.0	11	32	5.576920370269467
1057	3.0	11	32	5.5778351443870395
1058	3.0	11	32	5.5567572396504925
1059	3.0	11	32	5.5567572396504925
1060	3.0	11	32	5.5567572396504925
1061	3.0	11	32	5.5567572396504925
1062	3.0	11	32	5.53744212666123
1063	3.0	11	32	5.53744212666123
1064	3.0	11	32	5.570512745241497
1065	3.0	11	32	5.5796642426963725
1066	3.0	11	32	5.5796642426963725
1067	3.0	11	32	5.5796642426963725
1068	3.0	11	32	5.5796642426963725
1069	3.0	11	32	5.5796642426963725
1070	3.0	11	32	5.5796642426963725
1071	3.0	11	32	5.5796642426963725
1072	3.0	11	32	5.575090371739388
1073	3.0	11	32	5.575090371739388
1074	3.0	11	32	5.575090371739388
1075	3.0	11	32	5.578749768504753
1076	3.0	11	32	5.578749768504753
1077	3.0	11	32	5.578749768504753
1078	3.0	11	32	5.541126386634135
1079	3.0	11	32	5.541126386634135
1080	3.0	11	33	5.64692439315782
1081	3.0	11	33	5.659559368440087
1082	3.0	11	33	5.659559368440087
1083	3.0	11	33	5.659559368440087
1084	3.0	11	33	5.659559368440087
1085	3.0	11	33	5.64059629211418
1086	3.0	11	33	5.64059629211418
1087	3.0	11	33	5.634261083690006
1088	3.0	11	33	5.634261083690006
1089	3.0	11	33	5.629731570068008
1090	3.0	11	33	5.629731570068008
1091	3.0	11	33	5.629731570068008
1092	3.0	11	33	5.632449715347521
1093	3.0	11	33	5.632449715347521
1094	3.0	11	33	5.617029500382142
1095	3.0	11	33	5.620661592258858
1096	3.0	11	33	5.620661592258858
1097	3.0	11	33	5.620661592258858
1098	3.0	11	33	5.620661592258858
1099	3.0	11	33	5.620661592258858
1100	3.0	11	33	5.673065614761366
1101	3.0	11	33	5.673065614761366
1102	3.0	11	33	5.673065614761366
1103	3.0	11	33	5.67576300723398
1104	3.0	11	33	5.67576300723398
1105	3.0	11	33	5.67576300723398
1106	3.0	11	33	5.67576300723398
1107	3.0	11	33	5.67576300723398
1108	3.0	11	33	5.67576300723398
1109	3.0	11	33	5.664065029028288
1110	3.0	11	33	5.664065029028288
1111	3.0	11	33	5.664065029028288
1112	3.0	11	33	5.685642497752114
1113	3.0	11	33	5.681153950042336
1114	3.0	11	33	5.678459118386226
1115	3.0	11	33	5.69012750475841
1116	3.0	11	33	5.69012750475841
1117	3.0	11	33	5.69012750475841
1118	3.0	11	33	5.698191621479752
1119	3.0	11	33	5.698191621479752
1120	3.0	11	33	5.698191621479752
1121	3.0	11	33	5.698191621479752
1122	3.0	11	33	5.681153950042336
1123	3.0	11	33	5.66586629001484
1124	3.0	11	33	5.66586629001484
1125	3.0	11	33	5.664065029028288
1126	3.0	11	33	5.687436924969823
1127	3.0	11	33	5.711606514772515
1128	3.0	11	33	5.711606514772515
1129	3.0	11	33	5.711606514772515
1130	3.0	11	33	5.735674257109923
1131	3.0	11	33	5.735674257109923
1132	3.0	11	33	5.735674257109923
1133	3.0	11	33	5.735674257109923
1134	3.0	11	33	5.727662913351273
1135	3.0	11	33	5.740120172246983
1136	3.0	11	33	5.740120172246983
1137	3.0	11	33	5.740120172246983
1138	3.0	11	33	5.740120172246983
1139	3.0	11	33	5.744562646538029
1140	3.0	11	33	5.744562646538029
1141	3.0	11	33	5.744562646538029
1142	3.0	11	33	5.741897574417541
1143	3.0	11	33	5.741897574417541
1144	3.0	11	33	5.741897574417541
1145	3.0	11	33	5.767608353767528
1146	3.0	11	33	5.767608353767528
1147	3.0	11	33	5.767608353767528
1148	3.0	11	33	5.767608353767528
1149	3.0	11	33	5.780862162942373
1150	3.0	11	33	5.780862162942373
1151	3.0	10	33	5.7896811797598415
1152	3.0	10	33	5.816935163286381
1153	3.0	10	33	5.816935163286381
1154	3.0	10	33	5.8344508161891815
1155	3.0	10	33	5.8580138725179065
1156	3.0	10	33	5.85104211893497
1157	3.0	10	33	5.864977338717813
1158	3.0	10	33	5.864977338717813
1159	3.0	10	33	5.858884758402822
1160	3.0	10	33	5.858884758402822
1161	3.0	10	33	5.889284631378225
1162	3.0	10	33	5.889284631378225
1163	3.0	10	33	5.889284631378225
1164	3.0	10	36	6.0212209759164566
1165	3.0	10	36	6.020373573058708
1166	3.0	10	36	6.020373573058708
1167	3.0	10	36	6.029688454401509
1168	3.0	10	36	6.029688454401509
1169	3.0	10	36	6.029688454401509
1170	3.0	10	36	6.030534548344409
1171	3.0	10	36	6.030534548344409
1172	3.0	10	36	6.032226380204975
1173	3.0	10	36	6.032226380204975
1174	3.0	10	36	6.032226380204975
1175	3.0	10	36	6.032226380204975
1176	3.0	10	36	6.031380523595586
1177	3.0	10	36	5.995746791838089
1178	3.0	10	36	5.995746791838089
1179	3.0	10	36	5.995746791838089
1180	3.0	10	36	5.96417878432803
1181	3.0	10	36	5.96417878432803
1182	3.0	10	36	5.963323275640515
1183	3.0	10	36	5.963323275640515
1184	3.0	10	36	6.0
1185	3.0	10	36	6.0
1186	3.0	10	36	5.994044663544928
1187	3.0	10	36	5.994044663544928
1188	3.0	10	36	6.012741573067131
1189	3.0	10	36	6.012741573067131
1190	3.0	10	36	6.008497384232311
1191	3.0	9	36	5.990638956074787
1192	3.0	9	36	5.990638956074787
1193	3.0	9	36	5.990638956074787
1194	3.0	9	36	5.977850272259337
1195	3.0	12	36	6.06596392730347
1196	3.0	12	36	6.07100838882165
1197	3.0	12	36	6.07100838882165
1198	3.0	16	36	6.171858450636557
1199	3.0	16	36	6.171858450636557
1200	3.0	16	36	6.171858450636557
1201	3.0	16	36	6.1759903774906535
1202	3.0	16	36	6.1759903774906535
1203	3.0	16	36	6.1759903774906535
1204	3.0	16	36	6.1759903774906535
1205	3.0	16	36	6.20648114177956
1206	3.0	16	36	6.20648114177956
1207	3.0	16	36	6.20648114177956
1208	3.0	16	36	6.20648114177956
1209	3.0	16	36	6.20648114177956
1210	3.0	16	36	6.20648114177956
1211	3.0	16	36	6.20648114177956
1212	3.0	16	36	6.247448458762822
1213	3.0	16	36	6.208946803457352
1214	3.0	16	40	6.428571428571428
1215	3.0	16	40	6.428571428571428
1216	3.0	16	40	6.428571428571428
1217	3.0	16	40	6.419835333891806
1218	3.0	16	40	6.383972277572665
1219	3.0	16	40	6.383972277572665
1220	3.0	16	40	6.383972277572665
1221	3.0	16	40	6.383972277572665
1222	3.0	16	39	6.32536197238013
1223	3.0	16	41	6.4436331493393775
1224	3.0	16	41	6.4436331493393775
1225	3.0	16	41	6.473651463069828
1226	3.0	16	41	6.451546247186936
1227	3.0	16	41	6.467343396808684
1228	3.0	16	41	6.475227519444505
1229	3.0	16	40	6.419835333891806
1230	3.0	16	39	6.352727198388331
1231	3.0	16	39	6.340668863192042
1232	3.0	16	39	6.340668863192042
1233	3.0	16	39	6.335033785326207
1234	3.0	16	39	6.335033785326207
1235	3.0	16	39	6.335033785326207
1236	3.0	16	39	6.3293936905359205
1237	3.0	16	39	6.3293936905359205
1238	3.0	16	39	6.3293936905359205
1239	3.0	16	39	6.3293936905359205
1240	3.0	16	39	6.3293936905359205
1241	3.0	16	39	6.3293936905359205
1242	3.0	16	39	6.3398641587198385
1243	3.0	16	39	6.3398641587198385
1244	3.0	16	39	6.3398641587198385
1245	3.0	16	39	6.3703714690009425
1246	3.0	16	39	6.3703714690009425
1247	3.0	16	38	6.313251369709815
1248	3.0	16	38	6.313251369709815
1249	3.0	16	38	6.313251369709815
1250	3.0	16	38	6.3189058727418494
1251	3.0	16	38	6.33825444327972
1252	3.0	16	38	6.33825444327972
1253	3.0	16	38	6.368769464331074
1254	3.0	16	38	6.376775463047327
1255	3.0	16	38	6.381574241197729
1256	3.0	16	38	6.381574241197729
1257	3.0	16	38	6.381574241197729
1258	3.0	16	38	6.381574241197729
1259	3.0	16	38	6.381574241197729
1260	3.0	16	38	6.381574241197729
1261	3.0	16	38	6.381574241197729
1262	3.0	16	38	6.387967004374677
1263	3.0	16	38	6.387967004374677
1264	3.0	16	38	6.380774695464941
1265	3.0	16	38	6.375175067624194
1266	3.0	16	38	6.375175067624194
1267	3.0	16	39	6.432538458525387
1268	3.0	16	39	6.432538458525387
1269	3.0	16	39	6.438088193853571
1270	3.0	16	39	6.438088193853571
1271	3.0	16	39	6.460239459768579
1272	3.0	16	39	6.460239459768579
1273	3.0	16	39	6.460239459768579
1274	3.0	16	39	6.460239459768579
1275	3.0	16	39	6.460239459768579
1276	3.0	16	39	6.469709642413858
1277	3.0	16	39	6.475227519444505
1278	3.0	16	39	6.463397729064925
1279	3.0	16	39	6.463397729064925
1280	3.0	16	39	6.458659745975609
1281	3.0	16	39	6.458659745975609
1282	3.0	16	39	6.458659745975609
1283	3.0	16	39	6.454708770047062
1284	3.0	16	39	6.454708770047062
1285	3.0	16	39	6.454708770047062
1286	3.0	16	39	6.454708770047062
1287	3.0	16	39	6.454708770047062
1288	3.0	16	39	6.454708770047062
1289	3.0	16	39	6.454708770047062
1290	3.0	16	39	6.449173337311835
1291	3.0	16	39	6.449173337311835
1292	3.0	16	39	6.442049363362563
1293	3.0	16	39	6.442049363362563
1294	3.0	16	39	6.442049363362563
1295	3.0	16	39	6.442049363362563
1296	3.0	16	39	6.460239459768579
1297	3.0	16	39	6.456289450558096
1298	3.0	16	39	6.456289450558096
1299	3.0	16	39	6.456289450558096
1300	3.0	16	39	6.455499158682859
1301	3.0	16	40	6.535616704970214
1302	3.0	16	40	6.535616704970214
1303	3.0	16	40	6.540298938434056
1304	3.0	16	40	6.538738566483318
1305	3.0	16	40	6.544977822260176
1306	3.0	16	40	6.544977822260176
1307	3.0	16	40	6.544977822260176
1308	3.0	16	40	6.544977822260176
1309	3.0	16	40	6.544977822260176
1310	3.0	16	40	6.544977822260176
1311	3.0	16	40	6.544977822260176
1312	3.0	16	40	6.544977822260176
1313	3.0	16	40	6.544977822260176
1314	3.0	16	40	6.577636818983621
1315	3.0	16	40	6.577636818983621
1316	3.0	16	40	6.577636818983621
1317	3.0	16	40	6.585388898066348
1318	3.0	16	40	6.585388898066348
1319	3.0	16	40	6.59545297913646
1320	3.0	16	40	6.59545297913646
1321	3.0	16	40	6.59545297913646
1322	3.0	16	40	6.620160920419147
1323	3.0	16	40	6.620160920419147
1324	3.0	16	40	6.597773279288851
1325	3.0	16	40	6.597773279288851
1326	3.0	16	40	6.604729288895332
1327	3.0	16	40	6.618619376348786
1328	3.0	16	40	6.618619376348786
1329	3.0	16	40	6.618619376348786
1330	3.0	16	40	6.618619376348786
1331	3.0	16	40	6.618619376348786
1332	3.0	16	40	6.618619376348786
1333	3.0	16	40	6.604729288895332
1334	3.0	16	40	6.616306386805378
1335	3.0	16	40	6.604729288895332
1336	3.0	16	40	6.604729288895332
1337	3.0	16	40	6.604729288895332
1338	3.0	16	40	6.604729288895332
1339	3.0	16	40	6.604729288895332
1340	3.0	16	40	6.604729288895332
1341	3.0	16	40	6.604729288895332
1342	3.0	16	40	6.604729288895332
1343	3.0	16	40	6.604729288895332
1344	3.0	16	40	6.607818498273272
1345	3.0	16	40	6.607818498273272
1346	3.0	16	40	6.607818498273272
1347	3.0	16	40	6.607818498273272
1348	3.0	16	40	6.607818498273272
1349	3.0	16	39	6.57686110852406
1350	3.0	16	39	6.57686110852406
1351	3.0	16	38	6.521549834579044
1352	3.0	16	38	6.554325569688264
1353	3.0	16	38	6.558994447570855
1354	3.0	16	38	6.558994447570855
1355	4.0	16	38	6.500392452830546
1356	4.0	16	38	6.500392452830546
1357	4.0	16	38	6.500392452830546
1358	4.0	16	38	6.500392452830546
1359	4.0	16	37	6.476015403796078
1360	4.0	16	37	6.476015403796078
1361	4.0	16	37	6.488608542386151
1362	4.0	16	37	6.490967035906475
1363	4.0	16	37	6.490967035906475
1364	4.0	16	37	6.507452556531642
1365	4.0	16	37	6.507452556531642
1366	4.0	16	37	6.498822499311012
1367	4.0	16	37	6.493324672779149
1368	3.0	16	37	6.56599153958937
1369	3.0	16	37	6.562882641905809
1370	3.0	16	37	6.569875592895382
1371	3.0	16	37	6.569875592895382
1372	3.0	16	37	6.569875592895382
1373	3.0	15	37	6.569875592895382
1374	3.0	15	37	6.569875592895382
1375	3.0	15	37	6.569875592895382
1376	3.0	15	37	6.569875592895382
1377	3.0	15	37	6.58616360413315
1378	4.0	15	38	6.5946793643335955
1379	4.0	15	38	6.631711079105806
1380	4.0	15	38	6.650149607032789
1381	4.0	15	38	6.650149607032789
1382	4.0	15	38	6.615535210581905
1383	4.0	15	38	6.63632551390682
1384	4.0	15	38	6.63632551390682
1385	4.0	15	38	6.63632551390682
1386	4.0	15	38	6.63632551390682
1387	4.0	15	38	6.6232429321877895
1388	4.0	15	38	6.6232429321877895
1389	4.0	15	38	6.6232429321877895
1390	4.0	15	38	6.6232429321877895
1391	4.0	15	38	6.6232429321877895
1392	4.0	15	38	6.630941694442957
1393	4.0	15	38	6.630941694442957
1394	4.0	15	38	6.6332495807108
1395	4.0	15	38	6.6332495807108
1396	4.0	15	38	6.6332495807108
1397	4.0	15	38	6.6332495807108
1398	4.0	15	38	6.663945022680343
1399	4.0	15	38	6.663945022680343
1400	4.0	15	38	6.663945022680343
1401	4.0	15	38	6.663945022680343
1402	4.0	15	37	6.606274074155351
1403	4.0	15	38	6.712005691904862
1404	4.0	15	38	6.712005691904862
1405	4.0	15	38	6.711245512312198
1406	4.0	15	38	6.715805299167519
1407	4.0	15	38	6.713525792862389
1408	4.0	15	38	6.713525792862389
1409	4.0	15	38	6.713525792862389
1410	4.0	15	38	6.713525792862389
1411	4.0	15	38	6.713525792862389
1412	4.0	15	38	6.713525792862389
1413	4.0	15	38	6.70363897522861
1414	4.0	15	38	6.70363897522861
1415	4.0	15	36	6.673890643884616
1416	4.0	15	36	6.673890643884616
1417	4.0	15	36	6.6868741362676865
1418	4.0	15	36	6.6868741362676865
1419	4.0	15	36	6.711245512312198
1420	4.0	15	36	6.70363897522861
1421	4.0	15	36	6.70363897522861
1422	4.0	15	35	6.65551788874066
1423	4.0	15	35	6.65551788874066
1424	4.0	15	35	6.65551788874066
1425	4.0	15	35	6.68916272482466
1426	4.0	15	35	6.689925413696055
1427	4.0	15	35	6.689925413696055
1428	4.0	15	35	6.698309259714388
1429	4.0	15	34	6.651683843898752
1430	4.0	15	34	6.647080070932481
1431	4.0	15	34	6.647080070932481
1432	4.0	15	34	6.657050888389861
1433	4.0	15	34	6.657050888389861
1434	4.0	15	34	6.6486150161257696
1435	4.0	15	34	6.650149607032789
1436	4.0	15	34	6.650149607032789
1437	4.0	15	34	6.649382355849731
1438	4.0	15	34	6.649382355849731
1439	4.0	15	34	6.649382355849731
1440	4.0	15	34	6.649382355849731
1441	4.0	15	34	6.649382355849731
1442	4.0	15	34	6.649382355849731
1443	4.0	15	33	6.683058080409181
1444	4.0	15	33	6.683058080409181
1445	4.0	12	33	6.685347975312909
1446	4.0	12	34	6.732498095970388
1447	4.0	12	34	6.733255876162553
1448	4.0	12	34	6.821335077893327
1449	4.0	12	34	6.821335077893327
1450	4.0	12	34	6.821335077893327
1451	4.0	12	34	6.917885721601857
1452	4.0	12	34	7.025463889106744
1453	4.0	12	34	7.025463889106744
1454	4.0	12	35	7.09843328503134
1455	4.0	12	36	7.170660175112106
1456	4.0	12	36	7.144285571457136
1457	4.0	12	36	7.144285571457136
1458	4.0	12	36	7.144285571457136
1459	4.0	12	36	7.13070394670191
1460	4.0	12	36	7.158554180781457
1461	4.0	12	36	7.159979477795239
1462	4.0	12	36	7.159979477795239
1463	4.0	12	36	7.154989696080659
1464	4.0	12	36	7.154989696080659
1465	4.0	12	36	7.154989696080659
1466	4.0	12	36	7.174928002198676
1467	4.0	12	36	7.174928002198676
1468	4.0	12	36	7.174928002198676
1469	4.0	12	36	7.174928002198676
1470	4.0	12	36	7.174928002198676
1471	4.0	12	36	7.208979661165791
1472	4.0	12	36	7.208979661165791
1473	4.0	12	36	7.208979661165791
1474	4.0	12	35	7.164253667497047
1475	4.0	12	35	7.167813545315487
1476	4.0	12	35	7.190555029526793
1477	4.0	12	35	7.190555029526793
1478	4.0	12	35	7.190555029526793
1479	4.0	12	35	7.190555029526793
1480	4.0	12	35	7.190555029526793
1481	4.0	12	35	7.190555029526793
1482	4.0	12	35	7.190555029526793
1483	4.0	12	35	7.190555029526793
1484	4.0	12	34	7.265377779972235
1485	4.0	12	34	7.2618657297936196
1486	4.0	12	34	7.258351980262996
1487	4.0	12	34	7.258351980262996
1488	4.0	12	34	7.245688373094719
1489	4.0	12	35	7.250615737399726
1490	4.0	12	35	7.283613142401459
1491	4.0	12	35	7.288514867899484
1492	4.0	12	35	7.292713724628697
1493	4.0	12	35	7.292713724628697
1494	4.0	12	35	7.329699161351601
1495	4.0	12	35	7.329699161351601
1496	4.0	12	35	7.329699161351601
1497	4.0	12	35	7.314369419163897
1498	4.0	12	35	7.314369419163897
1499	4.0	12	35	7.303898874950981
1500	4.0	12	35	7.333178724406056
1501	4.0	12	35	7.263973163665252
1502	4.0	12	35	7.253429871306345
1503	4.0	12	35	7.270291799999699
1504	4.0	12	35	7.270291799999699
1505	4.0	12	35	7.2948122466781635
1506	4.0	12	35	7.26046043404175
1507	4.0	12	35	7.227357323223408
1508	4.0	12	35	7.227357323223408
1509	4.0	12	35	7.195520148264587
1510	4.0	12	35	7.165677830848258
1511	4.0	12	35	7.190555029526793
1512	4.0	12	35	7.190555029526793
1513	4.0	12	35	7.190555029526793
1514	4.0	12	35	7.197647007806064
1515	4.0	12	35	7.198355821339498
1516	4.0	12	35	7.311578740153824
1517	4.0	12	35	7.268888133262029
1518	4.0	12	35	7.316461729886787
1519	4.0	12	35	7.273799781771981
1520	4.0	12	35	7.189845446949497
1521	4.0	12	35	7.147855394081072
1522	4.0	12	35	7.147855394081072
1523	4.0	12	35	7.147855394081072
1524	4.0	12	35	7.147855394081072
1525	4.0	12	35	7.147855394081072
1526	4.0	12	35	7.107053122190142
1527	4.0	12	35	7.109206448439278
1528	4.0	12	35	7.120679857475202
1529	4.0	12	35	7.132850133039959
1530	4.0	12	35	7.1564157030098325
1531	4.0	12	35	7.1564157030098325
1532	4.0	12	35	7.1564157030098325
1533	4.0	12	35	7.1564157030098325
1534	4.0	12	34	7.112793876859773
1535	4.0	12	34	7.112076535939502
1536	4.0	12	34	7.112076535939502
1537	4.0	12	34	7.112076535939502
1538	4.0	12	34	7.112076535939502
1539	4.0	12	34	7.112076535939502
1540	4.0	12	34	7.112076535939502
1541	4.0	12	34	7.084043581838536
1542	4.0	12	34	7.084043581838536
1543	4.0	12	34	7.075395712594167
1544	4.0	12	34	7.075395712594167
1545	4.0	12	34	7.075395712594167
1546	4.0	12	34	7.086923859892836
1547	4.0	12	34	7.086923859892836
1548	4.0	12	34	7.086923859892836
1549	4.0	12	34	7.086923859892836
1550	4.0	12	34	7.086923859892836
1551	4.0	12	34	7.100589225334668
1552	4.0	12	34	7.13070394670191
1553	4.0	12	34	7.13070394670191
1554	4.0	12	34	7.13070394670191
1555	4.0	12	34	7.123545322322563
1556	4.0	12	34	7.115662517378441
1557	4.0	12	34	7.115662517378441
1558	4.0	12	34	7.08908330045686
1559	4.0	12	34	7.089802967815747
1560	4.0	12	34	7.089802967815747
1561	4.0	12	34	7.089802967815747
1562	4.0	12	35	7.135710710709815
1563	4.0	12	35	7.1471415721994225
1564	4.0	12	35	7.1471415721994225
1565	4.0	12	35	7.169237001499774
1566	4.0	12	35	7.169237001499774
1567	4.0	12	35	7.169237001499774
1568	4.0	12	35	7.177771810476097
1569	4.0	12	35	7.177771810476097
1570	4.0	12	35	7.177771810476097
1571	4.0	12	35	7.137140569598169
1572	4.0	12	35	7.137140569598169
1573	4.0	12	35	7.137140569598169
1574	4.0	12	35	7.091242083423347
1575	4.0	12	35	7.179193292183364
1576	4.0	12	35	7.1799039275023215
1577	4.0	12	35	7.176350047203662
1578	4.0	12	35	7.17279440607611
1579	4.0	12	35	7.17279440607611
1580	4.0	12	35	7.198355821339498
1581	4.0	12	35	7.207564053953092
1582	4.0	12	35	7.23582357835947
1583	4.0	12	35	7.23582357835947
1584	4.0	12	35	7.23582357835947
1585	4.0	12	35	7.23582357835947
1586	4.0	12	35	7.23582357835947
1587	4.0	12	35	7.23582357835947
1588	4.0	12	35	7.225239209372453
1589	4.0	12	35	7.187716278911018
1590	4.0	12	35	7.187716278911018
1591	4.0	12	35	7.187716278911018
1592	4.0	12	35	7.189845446949497
1593	4.0	12	35	7.189845446949497
1594	4.0	12	35	7.189845446949497
1595	4.0	12	35	7.159979477795239
1596	4.0	12	35	7.16354147964624
1597	4.0	12	35	7.16354147964624
1598	4.0	12	34	7.142857142857143
1599	4.0	12	34	7.142857142857143
1600	4.0	12	34	7.142857142857143
1601	4.0	12	34	7.184876406702612
1602	4.0	12	33	7.17279440607611
1603	4.0	12	33	7.152136829262273
1604	4.0	12	33	7.225945316308843
1605	4.0	12	33	7.223120474404058
1606	4.0	11	33	7.211102550927978
1607	4.0	11	33	7.176350047203662
1608	4.0	11	33	7.176350047203662
1609	4.0	11	33	7.148569144683887
1610	4.0	11	33	7.152136829262273
1611	4.0	11	33	7.152136829262273
1612	4.0	11	33	7.153563404888161
1613	4.0	11	33	7.16354147964624
1614	4.0	11	33	7.16354147964624
1615	4.0	11	33	7.16354147964624
1616	4.0	11	33	7.0991520045476895
1617	4.0	11	33	7.0991520045476895
1618	4.0	11	33	7.114228341707848
1619	4.0	11	33	7.1249776225928585
1620	4.0	11	33	7.1249776225928585
1621	4.0	11	33	7.13785539163107
1622	4.0	11	33	7.115662517378441
1623	4.0	11	33	7.115662517378441
1624	4.0	11	33	7.082603003566023
1625	4.0	11	33	7.081162132224988
1626	4.0	11	33	7.081162132224988
1627	4.0	11	34	7.15070996903276
1628	4.0	11	34	7.174928002198676
1629	4.0	11	34	7.20331556313069
1630	4.0	11	34	7.1671017112062465
1631	4.0	11	34	7.1671017112062465
1632	4.0	11	34	7.20331556313069
1633	4.0	11	34	7.23370794352695
1634	4.0	11	33	7.237938594796229
1635	4.0	11	32	7.197647007806064
1636	4.0	11	32	7.197647007806064
1637	4.0	11	32	7.1614044911395895
1638	4.0	11	32	7.171371656006362
1639	4.0	11	32	7.171371656006362
1640	4.0	11	32	7.225239209372453
1641	4.0	11	32	7.233002594401045
1642	4.0	11	32	7.233002594401045
1643	4.0	11	32	7.247096533320452
1644	4.0	11	32	7.255539755445982
1645	4.0	11	32	7.255539755445982
1646	4.0	11	32	7.255539755445982
1647	4.0	11	32	7.255539755445982
1648	4.0	11	32	7.255539755445982
1649	4.0	11	32	7.255539755445982
1650	4.0	11	32	7.242166774649472
1651	4.0	11	32	7.280810674755432
1652	4.0	11	32	7.280810674755432
1653	4.0	11	32	7.240052993379177
1654	4.0	11	32	7.270291799999699
1655	4.0	11	32	7.26046043404175
1656	4.0	11	32	7.285714285714286
1657	4.0	11	32	7.285714285714286
1658	4.0	11	32	7.285714285714286
1659	4.0	11	32	7.285714285714286
1660	4.0	10	32	7.285714285714286
1661	4.0	10	32	7.285714285714286
1662	4.0	10	32	7.285714285714286
1663	4.0	10	32	7.285714285714286
1664	4.0	10	32	7.285714285714286
1665	4.0	10	32	7.286414532175196
1666	4.0	10	32	7.289914755527471
1667	4.0	10	32	7.286414532175196
1668	4.0	10	32	7.286414532175196
1669	4.0	10	32	7.286414532175196
1670	4.0	10	31	7.263270753649235
1671	4.0	10	31	7.263270753649235
1672	4.0	10	31	7.263270753649235
1673	4.0	10	31	7.230886134196436
1674	4.0	10	31	7.230886134196436
1675	4.0	10	31	7.230886134196436
1676	4.0	10	32	7.298308442539886
1677	4.0	10	32	7.302501668075461
1678	4.0	10	32	7.265377779972235
1679	4.0	10	33	7.317856271351827
1680	4.0	10	33	7.247800510837613
1681	4.0	10	33	7.23229717648408
1682	4.0	10	33	7.211810041982016
1683	4.0	10	33	7.211810041982016
1684	4.0	10	33	7.211810041982016
1685	4.0	10	33	7.178482586514922
1686	4.0	10	33	7.205440121667709
1687	4.0	10	33	7.191264542087554
1688	4.0	10	33	7.178482586514922
1689	4.0	10	33	7.166389806390862
1690	4.0	10	33	7.166389806390862
1691	4.0	10	33	7.166389806390862
1692	4.0	10	33	7.166389806390862
1693	4.0	10	32	7.125693664765672
1694	4.0	10	32	7.125693664765672
1695	4.0	10	32	7.125693664765672
1696	4.0	10	32	7.106335201775948
1697	4.0	10	32	7.106335201775948
1698	4.0	10	32	7.106335201775948
1699	4.0	10	32	7.106335201775948
1700	4.0	10	32	7.120679857475202
1701	4.0	10	32	7.138570142085135
1702	4.0	10	32	7.107770970090786
1703	4.0	10	32	7.1249776225928585
1704	4.0	10	32	7.104181005232204
1705	4.0	10	32	7.104181005232204
1706	4.0	10	32	7.074674579665362
1707	4.0	10	32	7.074674579665362
1708	4.0	10	32	7.064570989473184
1709	4.0	10	32	7.064570989473184
1710	4.0	10	32	7.094119438820078
1711	4.0	10	32	7.09843328503134
1712	4.0	10	32	7.089802967815747
1713	4.0	10	32	7.089802967815747
1714	4.0	9	32	7.056622305844839
1715	4.0	9	32	7.081162132224988
1716	4.0	9	32	7.081162132224988
1717	4.0	9	33	7.091242083423347
1718	4.0	9	33	7.060959060718512
1719	4.0	9	33	7.084763761129965
1720	4.0	9	33	7.084763761129965
1721	4.0	9	33	7.084763761129965
1722	4.0	9	33	7.084763761129965
1723	4.0	9	33	7.0977144927369515
1724	4.0	9	33	7.0977144927369515
1725	4.0	9	33	7.117096404046372
1726	4.0	9	33	7.114228341707848
1727	4.0	9	33	7.114228341707848
1728	4.0	9	33	7.110641636997038
1729	4.0	9	33	7.136425675964925
1730	4.0	9	33	7.136425675964925
1731	4.0	9	33	7.136425675964925
1732	4.0	9	33	7.167813545315487
1733	4.0	9	33	7.167813545315487
1734	4.0	9	33	7.167813545315487
1735	4.0	9	33	7.167813545315487
1736	4.0	9	33	7.167813545315487
1737	4.0	9	33	7.167813545315487
1738	4.0	9	33	7.167813545315487
1739	4.0	9	34	7.222414091294022
1740	4.0	9	34	7.222414091294022
1741	4.0	9	34	7.191973984652501
1742	4.0	9	34	7.191973984652501
1743	4.0	9	34	7.17279440607611
1744	4.0	9	34	7.17279440607611
1745	4.0	9	34	7.17279440607611
1746	4.0	9	34	7.17279440607611
1747	4.0	9	34	7.179193292183364
1748	4.0	9	33	7.157841425845576
1749	4.0	9	33	7.157841425845576
1750	4.0	9	34	7.176350047203662
1751	4.0	9	34	7.16354147964624
1752	4.0	9	34	7.171371656006362
1753	4.0	9	34	7.1671017112062465
1754	4.0	9	34	7.1671017112062465
1755	4.0	9	34	7.189845446949497
1756	4.0	9	34	7.1592668647576145
1757	4.0	9	34	7.1671017112062465
1758	4.0	9	34	7.1671017112062465
1759	4.0	9	34	7.1671017112062465
1760	4.0	9	34	7.164965784557352
1761	4.0	9	32	7.154989696080659
1762	4.0	9	32	7.154989696080659
1763	4.0	9	32	7.154989696080659
1764	4.0	9	32	7.157128599928771
1765	4.0	9	32	7.1564157030098325
1766	4.0	9	32	7.149282824029218
1767	4.0	9	31	7.115662517378441
1768	4.0	9	31	7.115662517378441
1769	4.0	9	31	7.115662517378441
1770	4.0	9	30	7.132850133039959
1771	4.0	9	30	7.132850133039959
1772	4.0	9	30	7.132850133039959
1773	4.0	9	30	7.132850133039959
1774	4.0	9	30	7.119246692550256
1775	4.0	9	30	7.155702735067539
1776	4.0	9	31	7.222414091294022
1777	4.0	9	31	7.222414091294022
1778	4.0	9	31	7.225945316308843
1779	4.0	9	32	7.300405356372133
1780	4.0	9	32	7.321341462896436
1781	4.0	9	32	7.342912729083655
1782	4.0	9	32	7.342912729083655
1783	4.0	9	32	7.322038302136857
1784	4.0	9	32	7.320644557325118
1785	4.0	9	32	7.315066922566919
1786	4.0	9	32	7.315066922566919
1787	4.0	9	32	7.276604949551455
1788	4.0	9	32	7.276604949551455
1789	4.0	9	32	7.276604949551455
1790	4.0	9	32	7.2843135908468355
1791	4.0	9	32	7.2843135908468355
1792	4.0	9	32	7.2843135908468355
1793	4.0	9	32	7.309485031694876
1794	4.0	9	32	7.324128422062051
1795	4.0	9	32	7.324128422062051
1796	4.0	9	32	7.324128422062051
1797	4.0	9	32	7.324128422062051
1798	4.0	9	32	7.324128422062051
1799	4.0	9	32	7.324128422062051
1800	4.0	9	33	7.4258236676383005
1801	4.0	9	33	7.4258236676383005
1802	4.0	9	33	7.426510703182875
1803	4.0	9	33	7.426510703182875
1804	4.0	9	33	7.428571428571429
1805	4.0	9	33	7.428571428571429
1806	4.0	9	34	7.479222921547671
1807	4.0	9	34	7.497618669570073
1808	4.0	9	34	7.496938150515387
1809	4.0	9	34	7.496938150515387
1810	4.0	9	34	7.536306679491417
1811	4.0	9	34	7.536306679491417
1812	4.0	9	34	7.536306679491417
1813	4.0	9	34	7.536306679491417
1814	4.0	9	34	7.536306679491417
1815	4.0	9	34	7.536306679491417
1816	4.0	9	34	7.509857467600399
1817	4.0	9	34	7.574123509606608
1818	4.0	9	34	7.599006379730423
1819	4.0	9	34	7.609070848906158
1820	4.0	9	33	7.58825623269676
1821	4.0	9	33	7.619791630339764
1822	4.0	9	33	7.615773105863909
1823	4.0	9	33	7.604375754277592
1824	4.0	9	32	7.656529826206637
1825	4.0	9	33	7.757813704220266
1826	4.0	9	33	7.825259987856699
1827	4.0	9	33	7.825259987856699
1828	4.0	9	32	7.840892285750053
1829	4.0	9	32	7.838939953325114
1830	4.0	9	32	7.838939953325114
1831	4.0	9	32	7.839590784822215
1832	4.0	9	32	7.839590784822215
1833	4.0	9	32	7.839590784822215
1834	4.0	9	32	7.839590784822215
1835	4.0	9	33	7.840892285750053
1836	4.0	9	33	7.840892285750053
1837	4.0	9	33	7.840892285750053
1838	4.0	9	33	7.838939953325114
1839	4.0	9	33	7.838939953325114
1840	4.0	9	33	7.821999326859326
1841	4.0	9	33	7.836987134539572
1842	4.0	9	33	7.836987134539572
1843	4.0	9	33	7.837638128197259
1844	4.0	9	33	7.837638128197259
1845	4.0	9	33	7.839590784822215
1846	4.0	9	33	7.87206375451203
1847	4.0	9	33	7.854545025080728
1848	4.0	9	33	7.854545025080728
1849	4.0	8	33	7.862984841155736
1850	4.0	8	33	7.87206375451203
1851	4.0	8	33	7.940467266361802
1852	4.0	8	33	7.92116771437038
1853	4.0	8	33	7.969969144436213
1854	4.0	8	33	7.969969144436213
1855	4.0	8	33	7.969969144436213
1856	4.0	8	33	7.955873199551822
1857	4.0	8	34	7.982762040542005
1858	4.0	8	34	8.012108183931392
1859	4.0	8	34	8.012108183931392
1860	4.0	8	34	8.012108183931392
1861	4.0	8	34	8.012108183931392
1862	4.0	8	34	8.012108183931392
1863	4.0	8	34	8.012108183931392
1864	5.0	8	34	7.933396215379897
1865	5.0	8	34	7.933396215379897
1866	5.0	8	34	7.9115002834287935
1867	5.0	8	34	7.9115002834287935
1868	4.0	8	34	7.959720023791217
1869	4.0	8	34	7.942394642238651
1870	4.0	8	34	7.919879405389855
1871	4.0	8	34	7.919879405389855
1872	4.0	8	34	7.944321550513876
1873	4.0	8	34	7.944321550513876
1874	4.0	8	34	7.944321550513876
1875	4.0	8	34	7.946890034755093
1876	5.0	8	34	7.92503138473152
1877	5.0	8	34	7.955873199551822
1878	5.0	8	34	7.9533076163830305
1879	5.0	8	34	7.9533076163830305
1880	5.0	8	34	7.92696251371719
1881	4.0	8	33	7.952024514395754
1882	4.0	8	33	7.952024514395754
1883	4.0	8	33	7.952024514395754
1884	4.0	8	33	7.952024514395754
1885	4.0	8	33	7.913434714432908
1886	4.0	8	33	7.9160132204363105
1887	4.0	8	33	7.9160132204363105
1888	4.0	8	33	7.894069073083427
1889	4.0	8	33	7.862984841155736
1890	4.0	8	33	7.862984841155736
1891	4.0	8	33	7.878542287214594
1892	4.0	8	33	7.841542955207689
1893	4.0	8	33	7.841542955207689
1894	4.0	8	33	7.839590784822215
1895	4.0	8	33	7.839590784822215
1896	4.0	8	33	7.839590784822215
1897	4.0	8	33	7.839590784822215
1898	4.0	8	33	7.895361593611629
1899	4.0	8	33	7.906339486869549
1900	4.0	8	34	7.92181179029244
1901	4.0	8	34	7.92181179029244
1902	4.0	8	34	7.9667677106278205
1903	4.0	8	34	7.9667677106278205
1904	4.0	8	34	7.985957062499249
1905	4.0	8	34	7.99170488311321
1906	4.0	8	34	7.99170488311321
