step	 five	 six	 seven	 eight	 nine
0	0	0	0	0	0
1	0	0	0	0	0
2	0	0	0	0	0
3	0	0	0	0	0
4	0	0	0	0	0
5	0	0	0	0	0
6	0	0	0	0	0
7	0	0	0	0	0
8	0	0	0	0	0
9	0	0	0	0	0
10	0	0	0	0	0
11	0	0	0	0	0
12	0	0	0	0	0
13	0	0	0	0	0
14	0	0	0	0	0
15	0	0	0	0	0
16	0	0	0	0	0
17	0	0	0	0	0
18	0	0	0	0	0
19	0	0	0	0	0
20	0	0	0	0	0
21	0	0	0	0	0
22	0	0	0	0	0
23	0	0	0	0	0
24	0	0	0	0	0
25	0	0	0	0	0
26	0	0	0	0	0
27	0	0	0	0	0
28	0	0	0	0	0
29	0	0	0	0	0
30	0	0	0	0	0
31	0	0	0	0	0
32	0	0	0	0	0
33	0	0	0	0	0
34	0	0	0	0	0
35	0	0	0	0	0
36	0	0	0	0	0
37	0	0	0	0	0
38	0	0	0	0	0
39	0	0	0	0	0
40	0	0	0	0	0
41	0	0	0	0	0
42	0	0	0	0	0
43	0	0	0	0	0
44	0	0	0	0	0
45	0	0	0	0	0
46	0	0	0	0	0
47	0	0	0	0	0
48	0	0	0	0	0
49	0	0	0	0	0
50	0	0	0	0	0
51	0	0	0	0	0
52	0	0	0	0	0
53	0	0	0	0	0
54	0	0	0	0	0
55	0	0	0	0	0
56	0	0	0	0	0
57	0	0	0	0	0
58	0	0	0	0	0
59	0	0	0	0	0
60	0	0	0	0	0
61	0	0	0	0	0
62	0	0	0	0	0
63	0	0	0	0	0
64	0	0	0	0	0
65	0	0	0	0	0
66	0	0	0	0	0
67	0	0	0	0	0
68	0	0	0	0	0
69	0	0	0	0	0
70	0	0	0	0	0
71	0	0	0	0	0
72	0	0	0	0	0
73	0	0	0	0	0
74	0	0	0	0	0
75	0	0	0	0	0
76	0	0	0	0	0
77	0	0	0	0	0
78	0	0	0	0	0
79	0	0	0	0	0
80	0	0	0	0	0
81	0	0	0	0	0
82	0	0	0	0	0
83	0	0	0	0	0
84	0	0	0	0	0
85	0	0	0	0	0
86	0	0	0	0	0
87	0	0	0	0	0
88	0	0	0	0	0
89	0	0	0	0	0
90	0	0	0	0	0
91	0	0	0	0	0
92	0	0	0	0	0
93	0	0	0	0	0
94	0	0	0	0	0
95	0	0	0	0	0
96	0	0	0	0	0
97	0	0	0	0	0
98	0	0	0	0	0
99	0	0	0	0	0
100	0	0	0	0	0
101	0	0	0	0	0
102	0	0	0	0	0
103	0	0	0	0	0
104	0	0	0	0	0
105	0	0	0	0	0
106	0	0	0	0	0
107	0	0	0	0	0
108	0	0	0	0	0
109	0	0	0	0	0
110	0	0	0	0	0
111	0	0	0	0	0
112	0	0	0	0	0
113	0	0	0	0	0
114	0	0	0	0	0
115	0	0	0	0	0
116	0	0	0	0	0
117	0	0	0	0	0
118	0	0	0	0	0
119	0	0	0	0	0
120	0	0	0	0	0
121	0	0	0	0	0
122	0	0	0	0	0
123	0	0	0	0	0
124	0	0	0	0	0
125	0	0	0	0	0
126	0	0	0	0	0
127	0	0	0	0	0
128	0	0	0	0	0
129	0	0	0	0	0
130	0	0	0	0	0
131	0	0	0	0	0
132	0	0	0	0	0
133	0	0	0	0	0
134	0	0	0	0	0
135	0	0	0	0	0
136	0	0	0	0	0
137	0	0	0	0	0
138	0	0	0	0	0
139	0	0	0	0	0
140	0	0	0	0	0
141	0	0	0	0	0
142	0	0	0	0	0
143	0	0	0	0	0
144	0	0	0	0	0
145	0	0	0	0	0
146	0	0	0	0	0
147	0	0	0	0	0
148	0	0	0	0	0
149	0	0	0	0	0
150	0	0	0	0	0
151	0	0	0	0	1
152	0	0	0	0	1
153	0	0	0	0	1
154	0	0	0	0	1
155	0	0	0	0	1
156	0	0	0	0	1
157	0	0	0	0	1
158	0	0	0	0	1
159	0	0	0	0	1
160	0	0	0	0	1
161	0	0	0	0	1
162	0	0	0	0	1
163	0	0	0	0	1
164	0	0	0	0	1
165	0	0	0	0	1
166	0	0	0	0	1
167	0	0	0	0	1
168	0	0	0	0	1
169	0	0	0	0	1
170	0	0	0	0	1
171	0	0	0	0	1
172	0	0	0	0	1
173	0	0	0	0	1
174	0	0	0	0	1
175	0	0	0	0	1
176	0	0	0	0	1
177	0	0	0	0	1
178	0	0	0	0	1
179	0	0	0	0	1
180	0	0	0	0	1
181	0	0	0	0	1
182	0	0	0	0	1
183	0	0	0	0	1
184	0	0	0	0	1
185	0	0	0	0	1
186	0	0	0	0	1
187	0	0	0	0	1
188	0	0	0	0	1
189	0	0	0	0	1
190	0	0	0	0	1
191	0	0	0	0	1
192	0	0	0	0	1
193	0	0	0	0	1
194	0	0	0	0	1
195	0	0	0	0	1
196	0	0	0	0	1
197	0	0	0	0	1
198	0	0	0	0	1
199	0	0	0	0	1
200	0	0	0	0	1
201	0	0	0	0	1
202	0	0	0	0	1
203	0	0	0	0	1
204	0	0	0	0	1
205	0	0	0	0	1
206	0	0	0	0	1
207	0	0	0	0	1
208	0	0	0	0	1
209	0	0	0	0	1
210	0	0	0	0	1
211	0	0	0	0	1
212	0	0	0	0	1
213	0	0	0	0	1
214	0	0	0	0	1
215	0	0	0	0	1
216	0	0	0	0	1
217	0	0	0	0	1
218	0	0	0	0	1
219	0	0	0	0	1
220	0	0	0	0	1
221	0	0	0	0	1
222	0	0	0	0	1
223	0	0	0	0	1
224	0	0	0	0	1
225	0	0	0	0	1
226	0	0	0	0	1
227	0	0	0	0	1
228	0	0	0	0	1
229	0	0	0	0	1
230	0	0	0	0	1
231	0	0	0	0	1
232	0	0	0	0	1
233	0	0	0	0	1
234	0	0	0	0	2
235	0	0	0	0	2
236	0	0	0	0	2
237	0	0	0	0	2
238	0	0	0	0	2
239	0	0	0	0	2
240	0	0	0	0	2
241	0	0	0	0	2
242	0	0	0	0	2
243	0	0	0	0	2
244	0	0	0	0	2
245	0	0	0	0	2
246	0	0	0	0	2
247	0	0	0	0	2
248	0	0	0	0	2
249	0	0	0	0	2
250	0	0	0	0	2
251	0	0	0	0	2
252	0	0	0	0	2
253	0	0	0	0	2
254	0	0	0	0	2
255	0	0	0	0	2
256	0	0	0	0	2
257	0	0	0	0	2
258	0	0	0	0	2
259	0	0	0	0	2
260	0	0	0	0	2
261	0	0	0	0	2
262	0	0	0	0	2
263	0	0	0	0	2
264	0	0	0	0	2
265	0	0	0	0	2
266	0	0	0	0	2
267	0	0	0	0	2
268	0	0	0	0	2
269	0	0	0	0	2
270	0	0	0	0	2
271	0	0	0	0	2
272	0	0	0	0	2
273	0	0	0	0	2
274	0	0	0	0	2
275	0	0	0	0	2
276	0	0	0	0	2
277	0	0	0	0	2
278	0	0	0	0	2
279	0	0	0	0	2
280	0	0	0	0	2
281	0	0	0	0	2
282	0	0	0	0	2
283	0	0	0	0	2
284	0	0	0	0	2
285	0	0	0	0	2
286	0	0	0	0	2
287	0	0	0	0	2
288	0	0	0	0	2
289	0	0	0	0	2
290	0	0	0	0	2
291	0	0	0	0	2
292	0	0	0	0	2
293	0	0	0	0	2
294	0	0	0	0	2
295	0	0	0	0	2
296	0	0	0	0	2
297	0	0	0	0	2
298	0	0	0	0	2
299	0	0	0	0	2
300	0	0	0	0	2
301	0	0	0	0	2
302	0	0	0	0	2
303	0	0	0	0	2
304	0	0	0	0	2
305	0	0	0	0	2
306	0	0	0	0	2
307	0	0	0	0	2
308	0	0	0	0	2
309	0	0	0	0	2
310	0	0	0	0	2
311	0	0	0	0	2
312	0	0	0	0	2
313	0	0	0	0	2
314	0	0	0	0	2
315	0	0	0	0	2
316	0	0	0	0	2
317	0	0	0	0	2
318	0	0	0	0	2
319	0	0	0	0	2
320	0	0	0	0	2
321	0	0	0	0	2
322	0	0	0	0	2
323	0	0	0	0	2
324	0	0	0	0	2
325	0	0	0	0	3
326	0	0	0	0	3
327	0	0	0	0	3
328	0	0	0	0	3
329	0	0	0	0	3
330	0	0	0	0	3
331	0	0	0	0	3
332	0	0	0	0	3
333	0	0	0	0	3
334	0	0	0	0	3
335	0	0	0	0	3
336	0	0	0	0	3
337	0	0	0	1	3
338	0	0	0	1	3
339	0	0	0	1	3
340	0	0	0	1	3
341	0	0	0	1	3
342	0	0	0	1	3
343	0	0	0	1	3
344	0	0	0	1	3
345	0	0	0	1	3
346	0	0	0	1	3
347	0	0	0	1	3
348	0	0	0	1	3
349	0	0	0	1	3
350	0	0	0	1	3
351	0	0	0	1	3
352	0	0	0	1	3
353	0	0	0	1	3
354	0	0	0	1	3
355	0	0	0	1	3
356	0	0	0	1	3
357	0	0	0	1	3
358	0	0	0	1	3
359	0	0	0	1	3
360	0	0	0	1	3
361	0	0	0	1	3
362	0	0	0	1	3
363	0	0	0	1	3
364	0	0	0	1	3
365	0	0	0	1	3
366	0	0	0	1	3
367	0	0	0	1	3
368	0	0	0	1	3
369	0	0	0	1	3
370	0	0	0	1	3
371	0	0	0	1	3
372	0	0	0	1	3
373	0	0	0	1	3
374	0	0	0	1	3
375	0	0	0	1	3
376	0	0	0	1	3
377	0	0	0	1	3
378	0	0	0	1	3
379	0	0	0	1	3
380	0	0	0	1	3
381	0	0	0	1	3
382	0	0	0	1	3
383	0	0	0	1	3
384	0	0	0	1	3
385	0	0	0	1	3
386	0	0	0	1	3
387	0	0	0	1	3
388	0	0	0	1	3
389	0	0	0	1	3
390	0	0	0	1	3
391	0	0	0	1	3
392	0	0	0	1	3
393	0	0	0	1	3
394	0	0	0	1	3
395	0	0	0	1	3
396	0	0	0	1	3
397	0	0	0	1	3
398	0	0	0	1	3
399	0	0	0	1	3
400	0	0	0	1	3
401	0	0	0	1	3
402	0	0	0	1	3
403	0	0	0	1	3
404	0	0	0	1	3
405	0	0	0	1	3
406	0	0	0	1	3
407	0	0	0	1	3
408	0	0	0	1	3
409	0	0	0	1	3
410	0	0	0	1	3
411	0	0	0	1	3
412	0	0	0	1	3
413	0	0	0	1	3
414	0	0	0	1	3
415	0	0	0	1	3
416	0	0	0	1	3
417	0	0	0	1	3
418	0	0	0	1	3
419	0	0	0	1	3
420	0	0	0	1	3
421	0	0	0	1	3
422	0	0	0	1	3
423	0	0	0	1	3
424	0	0	0	1	3
425	0	0	0	1	3
426	0	0	0	1	3
427	0	0	0	1	3
428	0	0	0	1	3
429	0	0	0	1	3
430	0	0	0	1	3
431	0	0	0	1	3
432	0	0	0	1	3
433	0	0	0	1	3
434	0	0	0	1	3
435	0	0	0	1	3
436	0	0	0	1	3
437	0	0	0	1	3
438	0	0	0	1	3
439	0	0	0	1	3
440	0	0	0	1	3
441	0	0	0	1	3
442	0	0	0	1	3
443	0	0	0	1	3
444	0	0	0	1	3
445	0	0	0	1	3
446	0	0	0	1	3
447	0	0	0	1	3
448	0	0	0	1	3
449	0	0	0	1	3
450	0	0	0	1	3
451	0	0	0	1	3
452	0	0	0	1	3
453	0	0	0	1	3
454	0	0	0	1	3
455	0	0	0	1	3
456	0	0	0	1	3
457	0	0	0	1	3
458	0	0	0	1	3
459	0	0	0	1	3
460	0	0	0	1	3
461	0	0	0	1	3
462	0	0	0	1	3
463	0	0	0	1	3
464	0	0	0	1	3
465	0	0	0	1	3
466	0	0	0	1	3
467	0	0	0	1	4
468	0	0	0	1	4
469	0	0	0	1	4
470	0	0	0	1	4
471	0	0	0	1	4
472	0	0	0	1	4
473	0	0	0	1	4
474	0	0	0	1	4
475	0	0	0	2	4
476	0	0	0	2	4
477	0	0	0	2	3
478	0	0	0	2	3
479	0	0	0	2	3
480	0	0	0	2	3
481	0	0	0	1	3
482	0	0	0	1	3
483	0	0	0	1	3
484	0	0	0	1	3
485	0	0	0	1	3
486	0	0	0	1	3
487	0	0	0	1	3
488	0	0	0	2	3
489	0	0	0	2	3
490	0	0	0	2	3
491	0	0	0	2	3
492	0	0	0	2	3
493	0	0	0	2	3
494	0	0	0	2	3
495	0	0	0	2	3
496	0	0	0	2	3
497	0	0	0	2	4
498	0	0	0	2	4
499	0	0	0	2	3
500	0	0	0	2	3
501	0	0	0	2	4
502	0	0	0	2	4
503	0	0	0	2	4
504	0	0	0	2	4
505	0	0	0	2	4
506	0	0	0	2	4
507	0	0	0	2	4
508	0	0	0	2	4
509	0	0	0	2	4
510	0	0	0	2	3
511	0	0	0	2	3
512	0	0	0	2	3
513	0	0	0	2	3
514	0	0	0	2	3
515	0	0	0	2	3
516	0	0	0	2	3
517	0	0	0	2	3
518	0	0	0	2	3
519	0	0	0	2	3
520	0	0	0	2	3
521	0	0	0	2	3
522	0	0	0	2	4
523	0	0	0	2	4
524	0	0	0	2	4
525	0	0	0	2	4
526	0	0	0	2	4
527	0	0	0	2	4
528	0	0	0	2	4
529	0	0	0	2	4
530	0	0	0	2	4
531	0	0	0	2	3
532	0	0	0	2	3
533	0	0	0	2	3
534	0	0	0	2	3
535	0	0	0	2	3
536	0	0	0	2	3
537	0	0	0	2	3
538	0	0	0	2	3
539	0	0	0	2	3
540	0	0	0	2	3
541	0	0	0	2	3
542	0	0	0	2	3
543	0	0	0	2	3
544	0	0	0	2	3
545	0	0	0	2	3
546	0	0	0	2	3
547	0	0	0	2	3
548	0	0	0	2	3
549	0	0	0	2	3
550	0	0	1	2	3
551	0	0	1	2	4
552	0	0	1	2	4
553	0	0	1	2	4
554	0	0	1	2	4
555	0	0	1	2	4
556	0	0	1	2	4
557	0	0	1	2	4
558	0	0	1	2	4
559	0	0	1	2	4
560	0	0	1	2	4
561	0	0	1	2	3
562	0	0	1	2	4
563	0	0	1	2	4
564	0	0	1	2	4
565	0	0	1	2	4
566	0	0	1	2	4
567	0	0	1	2	4
568	0	0	1	2	4
569	0	0	1	2	4
570	0	0	1	2	4
571	0	0	1	2	4
572	0	0	1	2	4
573	0	0	1	2	4
574	0	0	1	2	4
575	0	0	1	2	4
576	0	0	1	2	4
577	0	0	1	2	4
578	0	0	1	2	4
579	0	0	1	2	4
580	0	0	1	2	4
581	0	0	1	2	4
582	0	0	1	2	4
583	0	0	1	2	4
584	0	0	1	2	4
585	0	0	1	2	4
586	0	0	1	2	4
587	0	0	1	2	4
588	0	0	1	2	4
589	0	0	1	2	4
590	0	0	1	2	4
591	0	0	1	2	4
592	0	0	1	2	4
593	0	0	1	2	4
594	0	0	1	2	4
595	0	0	1	2	4
596	0	0	1	2	4
597	0	0	1	2	4
598	0	0	1	2	4
599	0	0	1	2	4
600	0	0	1	2	4
601	0	0	1	2	4
602	0	0	1	2	4
603	0	0	1	2	4
604	0	0	1	2	4
605	0	0	1	2	4
606	0	0	1	2	4
607	0	0	1	2	4
608	0	0	1	2	4
609	0	0	1	2	4
610	0	0	1	2	4
611	0	0	1	2	4
612	0	0	1	2	4
613	0	0	1	2	4
614	0	0	1	2	4
615	0	0	1	2	4
616	0	0	1	2	4
617	0	0	1	2	4
618	0	0	1	2	4
619	0	0	1	2	4
620	0	0	1	2	4
621	0	0	1	2	4
622	0	0	1	2	4
623	0	0	1	2	4
624	0	0	1	2	4
625	0	0	1	2	4
626	0	0	1	2	4
627	0	0	1	2	4
628	0	0	1	2	4
629	0	0	1	2	4
630	0	0	1	2	4
631	0	0	1	2	4
632	0	0	1	2	4
633	0	0	1	2	4
634	0	0	1	2	4
635	0	0	1	2	4
636	0	0	1	2	4
637	0	0	1	2	4
638	0	0	1	2	4
639	0	0	1	2	4
640	0	0	1	2	4
641	0	0	1	2	4
642	0	0	1	2	4
643	0	0	1	2	4
644	0	0	1	2	4
645	0	0	1	2	4
646	0	0	1	2	4
647	0	0	1	2	4
648	0	0	1	2	4
649	0	0	1	2	4
650	0	0	1	2	4
651	0	0	1	2	4
652	0	0	1	2	4
653	0	0	1	2	4
654	0	0	1	2	4
655	0	0	1	2	4
656	0	0	1	2	4
657	0	0	1	2	4
658	0	0	1	2	4
659	0	0	1	2	4
660	0	0	1	2	4
661	0	0	1	2	4
662	0	0	1	2	4
663	0	0	1	2	4
664	0	0	1	2	4
665	0	0	1	2	4
666	0	0	1	2	4
667	0	0	1	2	4
668	0	0	1	2	4
669	0	0	1	2	4
670	0	0	1	2	4
671	0	0	1	2	4
672	0	0	1	2	4
673	0	0	1	2	4
674	0	0	1	2	4
675	0	0	1	2	4
676	0	0	1	2	4
677	0	0	1	2	4
678	0	0	1	2	4
679	0	0	1	2	4
680	0	0	1	2	4
681	0	0	1	2	4
682	0	0	1	2	4
683	0	0	1	2	4
684	0	0	1	2	4
685	0	0	1	2	4
686	0	0	1	2	4
687	0	0	1	2	4
688	0	0	1	2	4
689	0	0	1	2	4
690	0	0	1	2	4
691	0	0	1	2	4
692	0	0	1	2	4
693	0	0	1	2	4
694	0	0	1	2	4
695	0	0	1	2	4
696	0	0	1	2	4
697	0	0	1	2	4
698	0	0	1	2	4
699	0	0	1	2	4
700	0	0	1	2	4
701	0	1	1	2	4
702	0	1	1	2	4
703	0	0	1	2	4
704	0	0	1	2	4
705	0	0	1	2	4
706	0	0	1	2	4
707	0	0	1	2	4
708	0	0	1	2	4
709	0	0	1	2	4
710	0	0	1	2	4
711	0	0	1	2	4
712	0	0	1	2	4
713	0	0	1	2	4
714	0	0	1	2	4
715	0	0	1	2	4
716	0	0	1	2	4
717	0	0	1	2	4
718	0	0	1	2	4
719	0	0	1	2	4
720	0	0	1	2	4
721	0	0	1	2	4
722	0	0	1	2	4
723	0	0	1	2	4
724	0	0	1	2	4
725	0	0	1	2	4
726	0	0	1	3	4
727	0	0	1	3	4
728	0	0	1	2	4
729	0	0	1	2	4
730	0	0	1	2	4
731	0	0	1	2	4
732	0	0	1	2	4
733	0	0	1	2	4
734	0	0	1	2	4
735	0	0	1	2	4
736	0	0	1	2	4
737	0	0	1	2	4
738	0	0	1	2	4
739	0	0	1	2	4
740	0	0	1	2	4
741	0	0	1	2	4
742	0	0	1	2	4
743	0	0	1	2	4
744	0	0	1	2	4
745	0	0	1	2	4
746	0	0	1	2	4
747	0	0	1	3	4
748	0	0	1	3	4
749	0	0	1	2	4
750	0	0	1	2	4
751	0	0	1	2	4
752	0	0	1	2	4
753	0	0	1	2	4
754	0	0	1	2	4
755	0	0	1	2	4
756	0	0	1	2	4
757	0	0	1	2	4
758	0	0	1	2	4
759	0	0	1	2	5
760	0	0	1	2	5
761	0	0	1	2	5
762	0	0	1	2	5
763	0	0	1	2	5
764	0	0	1	2	5
765	0	0	1	2	4
766	0	0	1	2	4
767	0	0	1	2	4
768	0	0	1	2	4
769	0	0	1	2	4
770	0	0	1	2	4
771	0	0	1	3	4
772	0	0	1	3	4
773	0	0	1	3	4
774	0	0	1	3	4
775	0	0	1	3	4
776	0	0	1	3	4
777	0	0	1	3	4
778	0	0	1	3	4
779	0	0	1	3	4
780	0	0	1	3	4
781	0	0	1	3	4
782	0	1	1	3	4
783	0	1	1	3	4
784	0	1	1	3	4
785	0	1	1	3	4
786	0	1	1	3	4
787	0	1	1	3	4
788	0	1	1	3	4
789	0	1	1	3	4
790	0	1	1	3	4
791	0	1	1	3	4
792	0	1	1	3	4
793	0	1	1	3	4
794	0	1	1	3	4
795	0	1	1	3	4
796	0	1	1	3	4
797	0	1	1	3	4
798	0	1	1	3	4
799	0	1	1	3	4
800	0	1	1	3	4
801	0	1	1	3	4
802	0	1	2	3	4
803	0	1	2	3	4
804	0	1	2	3	4
805	0	1	2	3	4
806	0	1	2	3	4
807	0	1	2	3	4
808	0	1	2	3	4
809	0	1	2	3	4
810	0	1	2	3	4
811	0	1	2	3	4
812	0	1	2	3	4
813	0	1	2	3	4
814	0	1	2	3	4
815	0	1	2	3	4
816	0	1	2	3	4
817	0	1	2	3	4
818	0	1	2	3	4
819	0	1	2	3	4
820	0	1	2	3	4
821	0	1	2	3	4
822	0	1	2	3	4
823	0	1	2	3	4
824	0	1	2	3	4
825	0	1	2	3	4
826	0	1	2	3	4
827	0	1	2	3	4
828	0	1	2	3	4
829	0	1	2	3	4
830	0	1	2	3	4
831	0	1	2	3	4
832	0	1	2	3	4
833	0	1	2	3	4
834	0	1	2	3	4
835	0	1	2	3	4
836	0	1	2	3	4
837	0	1	2	3	4
838	0	1	2	3	4
839	0	1	2	3	4
840	0	1	2	3	4
841	0	1	2	3	4
842	0	1	2	3	4
843	0	1	2	3	4
844	0	1	2	3	4
845	0	1	2	3	4
846	0	1	2	3	4
847	0	1	2	3	4
848	0	1	2	3	4
849	0	1	2	3	4
850	0	1	2	3	4
851	0	1	2	3	4
852	0	1	2	3	4
853	0	1	2	3	4
854	0	1	2	3	4
855	0	1	2	3	4
856	0	1	2	3	4
857	0	1	2	3	4
858	0	1	2	3	4
859	0	1	2	3	4
860	0	1	2	3	4
861	0	1	2	3	4
862	0	1	2	3	4
863	0	1	2	3	4
864	0	1	2	3	4
865	0	1	2	3	4
866	0	1	2	3	4
867	0	1	2	3	4
868	0	1	2	3	4
869	0	1	2	3	4
870	0	1	2	3	4
871	0	1	2	3	4
872	0	1	2	3	4
873	0	1	2	3	4
874	0	1	2	3	4
875	0	1	2	3	4
876	0	1	2	3	4
877	0	1	2	3	4
878	0	1	2	3	4
879	0	1	2	3	4
880	0	1	2	3	4
881	0	1	2	3	4
882	0	1	2	3	4
883	0	1	2	3	4
884	0	1	2	3	4
885	0	1	2	3	4
886	0	1	2	3	4
887	0	1	2	3	4
888	0	1	2	3	4
889	0	1	2	3	4
890	0	1	2	3	4
891	0	1	2	3	4
892	0	1	2	3	4
893	0	1	2	3	4
894	0	1	2	3	4
895	0	1	2	3	4
896	0	1	2	3	4
897	0	1	2	3	4
898	0	1	2	3	4
899	0	1	2	3	4
900	0	1	2	3	4
901	0	1	2	3	4
902	0	1	2	3	4
903	0	1	2	3	4
904	0	1	2	3	4
905	0	1	2	3	4
906	0	1	2	3	4
907	0	1	2	3	4
908	0	1	2	3	4
909	0	1	2	3	4
910	0	1	2	3	4
911	0	1	2	3	4
912	0	1	2	3	4
913	0	1	2	3	4
914	0	1	2	3	4
915	0	1	2	3	4
916	0	1	2	3	4
917	0	1	2	3	4
918	0	1	2	3	4
919	0	1	2	3	4
920	0	1	2	3	4
921	0	1	2	3	4
922	0	1	2	3	4
923	0	1	2	3	4
924	0	1	2	3	4
925	0	1	2	3	4
926	0	1	2	3	4
927	0	1	2	3	4
928	0	1	2	3	4
929	0	1	2	3	4
930	0	1	2	3	4
931	0	1	2	3	4
932	0	1	2	3	4
933	0	1	2	3	4
934	0	1	2	3	4
935	0	1	2	3	4
936	0	1	2	3	4
937	0	1	2	3	4
938	0	1	2	3	4
939	0	1	2	3	4
940	0	1	2	3	4
941	0	1	2	3	4
942	0	1	2	3	4
943	0	1	2	3	4
944	0	1	2	3	4
945	0	1	2	3	4
946	0	1	2	3	4
947	0	1	2	3	4
948	0	1	2	3	4
949	0	1	2	3	4
950	0	1	2	3	4
951	0	1	2	3	4
952	0	1	2	3	4
953	0	1	2	3	4
954	0	1	2	3	4
955	0	1	2	3	4
956	0	1	2	3	4
957	0	1	2	3	4
958	0	1	2	3	4
959	0	1	2	3	4
960	0	1	2	3	4
961	0	1	2	3	4
962	0	1	2	3	4
963	0	1	2	3	4
964	0	1	2	3	4
965	0	1	2	3	4
966	0	1	2	3	4
967	0	1	2	3	4
968	0	1	2	3	4
969	0	1	2	3	4
970	0	1	2	3	4
971	0	1	2	3	4
972	0	1	2	3	4
973	0	1	2	3	5
974	0	1	2	3	5
975	0	1	2	3	5
976	0	1	2	3	5
977	0	1	2	3	5
978	0	1	2	3	5
979	0	1	2	3	5
980	0	1	2	3	5
981	0	1	2	3	5
982	0	1	2	3	5
983	0	1	2	3	4
984	0	1	2	3	4
985	0	1	2	3	4
986	0	1	2	3	4
987	0	1	2	3	4
988	0	1	2	3	4
989	0	1	2	3	4
990	0	1	2	3	4
991	0	1	2	3	4
992	0	1	2	3	4
993	0	1	2	3	4
994	0	1	2	3	5
995	0	1	2	3	5
996	0	1	2	3	5
997	0	1	2	3	5
998	0	1	2	3	5
999	0	1	2	3	5
1000	0	1	2	3	5
1001	0	1	2	3	5
1002	0	1	2	3	5
1003	0	1	2	3	5
1004	0	1	2	3	5
1005	0	1	2	3	5
1006	0	1	2	3	5
1007	0	1	2	3	5
1008	0	1	2	3	5
1009	0	1	2	3	5
1010	0	1	2	3	5
1011	0	1	2	3	5
1012	0	1	2	3	5
1013	0	1	2	3	5
1014	0	1	2	3	5
1015	0	1	2	3	5
1016	0	1	2	3	5
1017	0	1	2	3	5
1018	0	1	2	3	5
1019	0	1	2	3	5
1020	0	1	2	3	5
1021	0	1	2	3	5
1022	0	1	2	3	5
1023	0	1	2	3	5
1024	0	1	2	3	5
1025	0	1	2	3	5
1026	0	1	2	3	5
1027	0	1	2	3	5
1028	0	1	2	3	5
1029	0	1	2	3	5
1030	0	1	2	3	5
1031	0	1	2	3	5
1032	0	1	2	3	5
1033	0	1	2	3	5
1034	0	1	2	3	5
1035	0	1	2	3	5
1036	0	1	2	3	5
1037	0	1	2	3	5
1038	0	1	2	3	5
1039	0	1	2	3	5
1040	0	1	2	3	5
1041	0	1	2	3	5
1042	0	1	2	3	5
1043	0	1	2	3	5
1044	0	1	2	3	5
1045	0	1	2	3	5
1046	0	1	2	3	5
1047	0	1	2	3	5
1048	0	1	2	3	5
1049	0	1	2	3	5
1050	0	1	2	3	5
1051	0	1	2	3	5
1052	0	1	2	3	5
1053	0	1	2	3	5
1054	0	1	2	3	5
1055	0	1	2	3	5
1056	0	1	2	3	5
1057	0	1	2	3	5
1058	1	1	2	3	5
1059	1	1	2	3	5
1060	1	1	2	3	5
1061	1	1	2	3	5
1062	1	1	2	3	5
1063	1	1	2	3	5
1064	0	1	2	3	5
1065	0	1	2	3	5
1066	0	1	2	3	5
1067	0	1	2	3	5
1068	0	1	2	3	5
1069	0	1	2	3	5
1070	0	1	2	3	5
1071	0	1	2	3	5
1072	0	1	2	3	5
1073	0	1	2	3	5
1074	0	1	2	3	5
1075	0	1	2	3	5
1076	1	1	2	3	5
1077	1	1	2	3	5
1078	1	1	2	3	5
1079	1	1	2	3	5
1080	1	1	2	3	5
1081	0	1	2	3	5
1082	1	1	2	3	5
1083	1	1	2	3	5
1084	1	1	2	3	5
1085	1	1	2	3	5
1086	1	1	2	3	5
1087	1	1	2	3	5
1088	0	1	2	3	5
1089	1	1	2	3	5
1090	1	1	2	3	5
1091	1	1	2	3	5
1092	1	1	2	3	5
1093	1	1	2	3	5
1094	1	1	2	3	5
1095	1	1	2	3	5
1096	1	1	2	3	5
1097	1	1	2	3	5
1098	1	1	2	3	5
1099	1	1	2	3	5
1100	1	1	2	3	5
1101	1	1	2	3	5
1102	1	1	2	3	5
1103	1	1	2	3	5
1104	1	1	2	3	5
1105	1	1	2	3	5
1106	1	1	2	3	5
1107	1	1	2	3	4
1108	1	1	2	3	4
1109	1	1	2	3	4
1110	1	1	2	3	5
1111	1	1	2	3	5
1112	1	1	2	3	5
1113	1	1	2	3	5
1114	1	1	2	3	4
1115	1	1	2	3	4
1116	1	1	2	3	4
1117	1	1	2	3	4
1118	1	1	2	3	4
1119	1	1	2	3	4
1120	1	1	2	3	4
1121	1	1	2	3	4
1122	1	1	2	3	4
1123	1	1	2	3	4
1124	1	1	2	3	4
1125	1	1	2	3	5
1126	1	1	2	3	5
1127	1	1	2	3	5
1128	1	1	2	3	4
1129	1	1	2	3	4
1130	1	1	2	3	4
1131	1	1	2	3	4
1132	1	1	2	3	4
1133	1	1	2	3	4
1134	1	1	2	3	4
1135	1	1	2	3	4
1136	1	1	2	3	5
1137	1	1	2	3	5
1138	1	1	2	3	5
1139	1	1	2	3	5
1140	1	1	2	3	5
1141	1	1	2	3	5
1142	1	1	2	3	5
1143	1	1	2	3	5
1144	1	1	2	3	5
1145	1	1	2	3	5
1146	1	1	2	3	5
1147	1	1	2	3	5
1148	1	1	2	3	5
1149	1	1	2	3	5
1150	1	1	2	3	5
1151	1	1	2	3	5
1152	1	1	2	3	5
1153	1	1	2	3	5
1154	1	1	2	3	5
1155	1	1	2	3	5
1156	1	1	2	3	5
1157	1	1	2	3	5
1158	1	1	2	3	5
1159	1	1	2	3	5
1160	1	1	2	3	5
1161	1	1	2	3	5
1162	1	1	2	3	5
1163	1	1	2	3	5
1164	1	1	2	3	5
1165	1	1	2	3	5
1166	1	1	2	3	5
1167	1	1	2	3	4
1168	1	1	2	3	5
1169	1	1	2	3	4
1170	1	1	2	3	4
1171	1	1	2	3	5
1172	1	1	2	3	5
1173	1	1	2	3	5
1174	1	1	2	3	5
1175	1	1	2	3	5
1176	1	1	2	3	5
1177	1	1	2	3	5
1178	1	1	2	3	5
1179	1	1	2	3	5
1180	1	1	2	3	5
1181	1	1	2	3	5
1182	1	1	2	3	5
1183	1	1	2	3	5
1184	1	1	2	3	5
1185	1	1	2	3	5
1186	1	1	2	3	5
1187	1	1	2	3	5
1188	1	1	2	3	5
1189	1	1	2	3	5
1190	1	1	2	3	5
1191	1	1	2	3	5
1192	1	1	2	3	5
1193	1	1	2	3	5
1194	1	1	2	3	5
1195	1	1	2	3	5
1196	1	1	2	3	5
1197	1	1	2	3	5
1198	1	1	2	3	5
1199	1	1	2	3	5
1200	1	1	2	3	5
1201	1	1	2	3	5
1202	1	1	2	3	5
1203	1	1	2	3	5
1204	1	1	2	3	5
1205	1	1	2	3	5
1206	1	1	2	3	5
1207	1	1	2	3	5
1208	1	1	2	3	5
1209	1	1	2	3	5
1210	1	1	2	3	5
1211	1	1	2	3	5
1212	1	1	2	3	5
1213	1	1	2	3	5
1214	1	1	2	3	5
1215	1	1	2	3	5
1216	1	1	2	3	5
1217	1	1	2	3	5
1218	1	1	2	3	5
1219	1	1	2	3	5
1220	1	1	2	3	5
1221	1	1	2	3	5
1222	1	1	2	3	5
1223	1	1	2	3	5
1224	1	1	2	3	5
1225	1	1	2	3	5
1226	1	1	2	3	5
1227	1	1	2	3	5
1228	1	1	2	3	5
1229	1	1	2	3	5
1230	1	1	2	3	5
1231	1	1	2	3	5
1232	1	1	2	3	5
1233	1	1	2	3	5
1234	1	1	2	3	5
1235	1	1	2	3	5
1236	1	1	2	3	5
1237	1	1	2	3	5
1238	1	1	2	3	5
1239	1	1	2	3	5
1240	1	1	2	3	5
1241	1	1	2	3	5
1242	1	1	2	3	5
1243	1	1	2	3	5
1244	1	1	2	3	5
1245	1	1	2	3	5
1246	1	1	2	3	5
1247	1	1	2	4	5
1248	1	1	2	4	5
1249	1	1	2	4	5
1250	1	1	2	4	5
1251	1	1	2	4	5
1252	1	1	2	4	5
1253	1	1	2	4	5
1254	1	1	2	4	5
1255	1	1	2	4	5
1256	1	2	2	4	5
1257	1	2	2	4	5
1258	1	2	2	4	5
1259	1	2	2	4	5
1260	1	2	2	4	5
1261	1	2	2	4	5
1262	1	2	2	4	5
1263	1	1	2	4	5
1264	1	1	2	4	5
1265	1	1	2	4	5
1266	1	1	2	4	5
1267	1	1	2	3	5
1268	1	1	2	3	4
1269	1	1	2	3	5
1270	1	1	2	4	5
1271	1	1	2	4	4
1272	1	1	2	4	4
1273	1	1	2	4	5
1274	1	1	2	4	5
1275	1	1	2	4	5
1276	1	1	2	4	5
1277	1	2	2	4	5
1278	1	2	2	4	5
1279	1	2	2	4	5
1280	1	2	2	4	5
1281	1	2	2	4	5
1282	1	2	2	4	5
1283	1	2	2	4	5
1284	1	2	2	4	5
1285	1	2	2	4	5
1286	1	1	2	4	5
1287	1	1	2	4	5
1288	1	1	2	4	5
1289	1	1	2	4	5
1290	1	1	2	3	5
1291	1	1	2	4	5
1292	1	1	2	4	5
1293	1	1	2	4	5
1294	1	1	2	4	5
1295	1	1	2	4	5
1296	1	1	2	4	5
1297	1	1	2	4	5
1298	1	1	2	4	5
1299	1	2	2	4	5
1300	1	2	2	4	5
1301	1	1	2	4	5
1302	1	1	2	4	5
1303	1	1	2	4	5
1304	1	1	2	4	5
1305	1	1	2	4	5
1306	1	1	2	4	5
1307	1	1	2	4	5
1308	1	1	2	4	5
1309	1	1	2	4	5
1310	1	1	2	4	5
1311	1	1	2	4	5
1312	1	1	2	4	5
1313	1	1	2	4	5
1314	1	1	2	4	5
1315	1	2	2	4	5
1316	1	2	2	4	5
1317	1	2	2	4	5
1318	1	2	2	4	5
1319	1	2	2	4	5
1320	1	2	2	4	5
1321	1	2	2	4	5
1322	1	2	2	4	5
1323	1	2	2	4	5
1324	1	2	2	4	5
1325	1	2	3	4	5
1326	1	2	3	4	5
1327	1	2	3	4	5
1328	1	2	3	4	5
1329	1	2	2	4	5
1330	1	2	2	4	5
1331	1	2	2	4	5
1332	1	2	2	4	5
1333	1	2	2	4	5
1334	1	2	2	4	5
1335	1	2	2	4	5
1336	1	2	2	4	5
1337	1	2	2	4	5
1338	1	2	2	4	5
1339	1	2	2	4	5
1340	1	2	2	4	5
1341	1	2	2	4	5
1342	1	2	2	4	5
1343	1	2	2	4	5
1344	1	2	2	4	5
1345	1	2	2	4	5
1346	1	2	2	4	5
1347	1	2	2	4	5
1348	1	2	2	4	5
1349	1	2	2	4	5
1350	1	2	2	4	5
1351	1	2	2	4	5
1352	1	2	2	4	5
1353	1	2	3	4	5
1354	1	2	2	4	5
1355	1	2	2	4	5
1356	1	2	2	4	5
1357	1	2	2	4	5
1358	1	2	2	4	5
1359	1	2	2	4	5
1360	1	2	2	4	5
1361	1	2	2	4	5
1362	1	2	2	4	5
1363	1	2	2	4	5
1364	1	2	2	4	5
1365	1	2	2	4	5
1366	1	2	2	4	5
1367	1	2	2	4	5
1368	1	2	2	4	5
1369	1	2	2	3	5
1370	1	2	2	3	5
1371	1	2	2	3	5
1372	1	2	2	3	5
1373	1	2	2	3	5
1374	1	2	2	3	5
1375	1	2	2	3	5
1376	1	2	2	3	5
1377	1	2	2	3	5
1378	1	2	2	3	5
1379	1	2	2	3	5
1380	1	2	2	3	5
1381	1	2	2	3	5
1382	1	2	2	3	5
1383	1	2	2	3	5
1384	1	2	2	3	5
1385	1	2	2	3	5
1386	1	2	2	3	5
1387	1	2	2	3	5
1388	1	2	2	3	5
1389	1	2	2	4	5
1390	1	2	2	4	5
1391	1	2	2	4	5
1392	1	2	2	4	5
1393	1	2	2	4	5
1394	1	2	2	4	5
1395	1	2	2	4	5
1396	1	2	2	4	5
1397	1	2	2	4	5
1398	1	2	2	4	5
1399	1	2	2	4	5
1400	1	2	2	3	5
1401	1	2	2	3	5
1402	1	2	2	3	5
1403	1	2	2	3	5
1404	1	2	2	4	5
1405	1	2	2	4	5
1406	1	2	2	4	5
1407	1	2	2	4	5
1408	1	2	2	4	5
1409	1	2	2	4	5
1410	1	2	2	4	5
1411	1	2	2	4	5
1412	1	2	2	4	5
1413	1	2	2	4	5
1414	1	2	2	4	5
1415	1	2	2	4	5
1416	1	2	2	4	5
1417	1	2	2	3	5
1418	1	2	2	4	5
1419	1	2	2	4	5
1420	1	2	2	4	5
1421	1	2	2	4	5
1422	1	2	2	4	5
1423	1	2	2	4	5
1424	1	2	2	4	5
1425	1	2	2	4	5
1426	1	2	2	4	5
1427	1	2	2	4	5
1428	1	2	3	4	5
1429	1	2	2	4	5
1430	1	2	3	4	5
1431	1	2	3	4	5
1432	1	2	3	4	5
1433	1	2	3	4	5
1434	1	2	3	4	5
1435	1	2	3	3	5
1436	1	2	3	3	5
1437	1	2	3	3	5
1438	1	2	3	3	5
1439	1	2	3	3	5
1440	1	2	3	4	5
1441	1	2	3	4	5
1442	1	2	3	3	5
1443	1	2	3	3	5
1444	1	2	3	3	5
1445	1	2	3	4	5
1446	1	2	3	4	5
1447	1	2	3	4	5
1448	1	2	3	4	5
1449	1	2	3	4	5
1450	1	2	2	4	5
1451	1	2	2	4	5
1452	1	2	2	4	5
1453	1	2	2	4	5
1454	1	2	2	4	5
1455	1	2	2	4	5
1456	1	2	3	4	5
1457	1	2	3	4	5
1458	1	2	3	4	5
1459	1	2	3	4	5
1460	1	2	3	4	5
1461	1	2	3	4	5
1462	1	2	3	4	5
1463	1	2	3	4	5
1464	1	2	2	4	5
1465	1	2	3	4	5
1466	1	2	3	4	5
1467	1	2	3	4	5
1468	1	2	3	4	5
1469	1	2	3	4	5
1470	1	2	3	4	5
1471	1	2	3	4	5
1472	1	2	3	4	5
1473	1	2	3	4	5
1474	1	2	3	4	5
1475	1	2	3	4	5
1476	1	2	3	4	5
1477	1	2	3	4	5
1478	1	2	3	4	5
1479	1	2	3	4	5
1480	1	2	3	4	5
1481	1	2	3	4	5
1482	1	2	3	4	5
1483	1	2	3	4	5
1484	1	2	3	4	5
1485	1	2	3	4	5
1486	1	2	3	4	5
1487	1	2	3	4	5
1488	1	2	3	4	5
1489	1	2	3	4	5
1490	1	2	3	4	5
1491	1	2	3	4	5
1492	1	2	3	4	5
1493	1	2	3	4	5
1494	1	2	3	4	5
1495	1	2	3	4	5
1496	1	2	3	4	5
1497	1	2	3	4	5
1498	1	2	3	4	5
1499	1	2	3	4	5
1500	1	2	3	4	5
1501	1	2	3	4	5
1502	1	2	3	4	5
1503	1	2	3	4	5
1504	1	2	3	4	5
1505	1	2	3	4	5
1506	1	2	3	4	5
1507	1	2	3	4	5
1508	1	2	3	4	5
1509	1	2	3	4	5
1510	1	2	3	4	5
1511	1	2	3	4	5
1512	1	2	3	4	5
1513	1	2	3	4	5
1514	1	2	3	4	5
1515	1	2	3	4	5
1516	1	2	3	4	5
1517	1	2	3	4	5
1518	1	2	3	4	5
1519	1	2	3	4	5
1520	1	2	3	4	5
1521	1	2	3	4	5
1522	1	2	3	4	5
1523	1	2	3	4	5
1524	1	2	3	4	5
1525	1	2	3	3	5
1526	1	2	3	3	5
1527	1	2	3	4	5
1528	1	2	3	4	5
1529	1	2	3	3	5
1530	1	2	3	3	5
1531	1	2	3	4	5
1532	1	2	3	3	5
1533	1	2	3	3	5
1534	1	2	3	3	5
1535	1	2	3	3	5
1536	1	2	3	3	5
1537	1	2	3	3	5
1538	1	2	3	3	5
1539	1	2	3	3	5
1540	1	2	3	3	5
1541	1	2	3	3	5
1542	1	2	3	3	5
1543	1	2	3	3	5
1544	1	2	3	3	5
1545	1	2	3	3	5
1546	1	2	3	3	5
1547	1	2	3	3	5
1548	1	2	3	3	5
1549	1	2	3	3	5
1550	1	2	3	3	5
1551	1	2	3	3	5
1552	1	2	3	3	5
1553	1	2	3	3	5
1554	1	2	3	3	5
1555	1	2	3	3	5
1556	1	2	3	3	5
1557	1	2	3	3	5
1558	1	2	3	3	5
1559	1	2	3	3	5
1560	1	2	3	3	5
1561	1	2	2	3	5
1562	1	2	2	3	5
1563	1	2	3	3	5
1564	1	2	3	3	5
1565	1	2	3	3	5
1566	1	2	3	3	5
1567	1	2	3	3	5
1568	1	2	3	3	5
1569	1	2	2	3	5
1570	1	2	3	3	5
1571	1	2	3	3	5
1572	1	2	2	3	5
1573	1	2	2	3	5
1574	1	2	2	3	5
1575	1	2	2	3	5
1576	1	2	2	3	5
1577	1	2	2	3	5
1578	1	2	2	3	5
1579	1	2	3	3	5
1580	1	2	3	3	5
1581	1	2	3	4	5
1582	1	2	3	4	5
1583	1	2	3	4	5
1584	1	2	3	3	5
1585	1	2	3	3	5
1586	1	2	3	3	5
1587	1	2	3	3	5
1588	1	2	3	3	5
1589	1	2	3	3	5
1590	1	2	3	3	5
1591	1	2	3	3	5
1592	1	2	3	3	5
1593	1	2	3	3	5
1594	1	2	3	3	5
1595	1	2	2	3	5
1596	1	2	2	3	5
1597	1	2	2	3	5
1598	1	2	2	3	5
1599	1	2	2	3	5
1600	1	2	2	3	5
1601	1	2	2	3	5
1602	1	2	3	3	5
1603	1	2	3	3	5
1604	1	2	3	3	5
1605	1	2	3	3	5
1606	1	2	3	3	5
1607	1	2	3	3	5
1608	1	2	3	3	5
1609	1	2	3	3	5
1610	1	2	3	3	5
1611	1	2	3	3	5
1612	1	2	3	3	5
1613	1	2	3	3	5
1614	1	2	3	3	5
1615	1	2	3	3	5
1616	1	2	3	3	5
1617	1	2	3	3	5
1618	1	2	3	3	5
1619	1	2	3	3	5
1620	1	2	3	3	5
1621	1	2	3	3	5
1622	1	2	3	3	5
1623	1	2	3	3	5
1624	1	2	3	3	5
1625	1	2	3	3	5
1626	1	2	3	3	5
1627	1	2	3	3	5
1628	1	2	3	3	5
1629	1	2	3	3	5
1630	1	2	3	3	5
1631	1	2	3	3	5
1632	1	2	3	3	5
1633	1	2	3	3	5
1634	1	2	3	3	5
1635	1	2	3	3	5
1636	1	2	3	3	5
1637	1	2	3	3	5
1638	1	2	3	3	5
1639	1	2	3	3	5
1640	1	2	3	3	5
1641	1	2	3	3	5
1642	1	2	3	3	5
1643	1	2	3	3	5
1644	1	2	3	3	5
1645	1	2	3	3	5
1646	1	2	3	4	5
1647	1	2	3	4	5
1648	1	2	3	3	5
1649	1	2	3	3	5
1650	1	2	3	3	5
1651	1	2	3	3	5
1652	1	2	3	3	5
1653	1	2	3	3	5
1654	1	2	3	3	5
1655	1	2	3	3	5
1656	1	2	3	3	5
1657	1	2	3	3	5
1658	1	2	3	3	5
1659	1	2	3	3	5
1660	1	2	3	3	5
1661	1	2	3	3	5
1662	1	2	3	3	5
1663	1	2	3	3	5
1664	1	2	3	3	5
1665	1	2	3	3	5
1666	1	2	3	3	5
1667	1	2	3	3	5
1668	1	2	3	3	5
1669	1	2	3	4	5
1670	1	2	3	4	5
1671	1	2	3	4	5
1672	1	2	3	4	5
1673	1	2	2	4	5
1674	1	2	2	4	5
1675	1	2	3	4	5
1676	1	2	3	4	5
1677	1	2	3	4	5
1678	1	2	3	4	5
1679	1	2	3	4	5
1680	1	2	3	3	5
1681	1	2	3	3	5
1682	1	2	3	3	5
1683	1	2	3	3	5
1684	1	2	3	3	5
1685	1	2	3	3	5
1686	1	2	3	3	5
1687	1	2	3	3	5
1688	1	2	2	3	5
1689	1	2	2	3	5
1690	1	2	2	3	5
1691	1	2	2	3	5
1692	1	2	2	3	5
1693	1	2	3	3	5
1694	1	2	3	3	5
1695	1	2	3	3	5
1696	1	2	3	3	5
1697	1	2	3	3	5
1698	1	2	3	3	5
1699	1	2	3	3	5
1700	1	2	3	3	5
1701	1	2	3	3	5
1702	1	2	3	3	5
1703	1	2	3	3	5
1704	1	2	3	3	5
1705	1	2	3	3	5
1706	1	2	3	3	5
1707	1	2	3	3	5
1708	1	2	3	3	5
1709	1	2	3	3	5
1710	1	2	3	3	5
1711	1	2	3	3	5
1712	1	2	3	3	5
1713	1	2	3	3	5
1714	1	2	3	3	5
1715	1	2	3	3	5
1716	1	2	2	3	5
1717	1	2	2	3	5
1718	1	2	2	3	5
1719	1	2	2	3	5
1720	1	2	2	3	5
1721	1	2	2	3	5
1722	1	2	2	3	5
1723	1	2	2	3	5
1724	1	2	2	3	5
1725	1	2	2	3	5
1726	1	2	2	3	5
1727	1	2	2	3	5
1728	1	2	2	3	5
1729	1	2	3	3	5
1730	1	2	2	3	5
1731	1	2	2	3	5
1732	1	2	2	3	5
1733	1	2	2	3	5
1734	1	2	2	3	5
1735	1	2	3	3	5
1736	1	2	3	3	5
1737	1	2	3	3	5
1738	1	2	3	3	5
1739	1	2	3	3	5
1740	1	2	3	3	5
1741	1	2	3	3	5
1742	1	2	3	3	5
1743	1	2	3	3	5
1744	1	2	3	3	5
1745	1	2	3	3	5
1746	1	2	3	3	5
1747	1	2	3	3	5
1748	1	2	3	3	5
1749	1	2	3	3	5
1750	1	2	3	3	5
1751	1	2	3	3	5
1752	1	2	3	3	5
1753	1	2	3	3	5
1754	1	2	3	3	5
1755	1	2	3	3	5
1756	1	2	3	3	5
1757	1	2	3	3	5
1758	1	2	3	3	5
1759	1	2	3	3	5
1760	1	2	3	3	5
1761	1	2	3	3	5
1762	1	2	3	3	5
1763	1	2	3	3	5
1764	1	2	3	3	5
1765	1	2	3	3	5
1766	1	2	3	3	5
1767	1	2	3	3	5
1768	1	2	3	3	5
1769	1	2	3	3	5
1770	1	2	3	3	5
1771	1	2	3	3	5
1772	1	2	3	3	5
1773	1	2	3	3	5
1774	1	2	3	3	5
1775	1	2	3	3	5
1776	1	2	3	3	5
1777	1	2	3	3	5
1778	1	2	3	3	5
1779	1	2	3	3	5
1780	1	2	3	3	5
1781	1	2	3	3	5
1782	1	2	3	3	5
1783	1	2	3	3	5
1784	1	2	3	3	5
1785	1	2	3	3	5
1786	1	2	3	3	5
1787	1	2	3	3	5
1788	1	2	3	3	5
1789	1	2	3	3	5
1790	1	2	3	3	5
1791	1	2	3	3	4
1792	1	2	3	3	4
1793	1	2	3	3	4
1794	1	2	3	3	4
1795	1	2	3	3	4
1796	1	2	3	3	4
1797	1	2	2	3	4
1798	1	2	3	3	4
1799	1	2	3	3	5
1800	1	2	3	3	5
1801	1	2	3	3	4
1802	1	2	3	3	4
1803	1	2	3	3	4
1804	1	2	3	3	5
1805	1	2	3	3	5
1806	1	2	3	3	5
1807	1	2	2	3	5
1808	1	2	2	3	5
1809	1	2	2	3	5
1810	1	2	2	3	5
1811	1	2	2	3	4
1812	1	2	3	3	5
1813	1	2	2	3	5
1814	1	2	2	3	5
1815	1	2	2	3	5
1816	1	2	2	3	5
1817	1	2	2	3	5
1818	1	2	2	3	4
1819	1	2	2	3	4
1820	1	2	2	3	4
1821	1	2	2	3	4
1822	1	2	2	3	4
1823	1	2	2	3	4
1824	1	2	2	3	5
1825	1	2	2	3	5
1826	1	2	2	3	4
1827	1	2	2	3	5
1828	1	2	2	3	5
1829	1	2	2	3	5
1830	1	2	2	3	5
1831	1	2	2	3	5
1832	1	2	2	3	4
1833	1	2	2	3	4
1834	1	2	2	3	4
1835	1	2	2	3	5
1836	1	2	2	3	5
1837	1	2	2	3	4
1838	1	2	2	3	4
1839	1	2	2	3	5
1840	1	2	2	3	5
1841	1	2	2	3	4
1842	1	2	2	3	4
1843	1	2	2	3	5
1844	1	2	2	3	5
1845	1	2	3	3	4
1846	1	2	3	3	5
1847	1	2	2	3	5
1848	1	2	3	3	5
1849	1	2	3	3	5
1850	1	2	3	3	5
1851	1	2	3	3	5
1852	1	2	3	4	5
1853	1	2	3	4	5
1854	1	2	3	4	5
1855	1	2	3	3	5
1856	1	2	3	3	5
1857	1	2	3	3	5
1858	1	2	3	3	5
1859	1	2	3	3	5
1860	1	2	3	3	5
1861	1	2	3	3	5
1862	1	2	3	3	5
1863	1	2	3	3	5
1864	1	2	2	3	5
1865	1	2	3	3	4
1866	1	2	3	3	4
1867	1	2	3	3	4
1868	1	2	3	3	4
1869	1	2	3	3	4
1870	1	2	3	3	4
1871	1	2	3	3	4
1872	1	2	3	3	4
1873	1	2	3	4	4
1874	1	2	3	4	4
1875	1	2	3	4	4
1876	1	2	3	3	4
1877	1	2	3	4	4
1878	1	2	3	4	4
1879	1	2	3	3	4
1880	1	2	3	3	4
1881	1	2	3	3	4
1882	1	2	3	3	4
1883	1	2	3	3	4
1884	1	2	3	3	4
1885	1	2	3	4	4
1886	1	2	3	4	4
1887	1	2	3	3	4
1888	1	2	3	3	4
1889	1	2	3	4	4
1890	1	2	3	4	4
1891	1	2	3	4	4
1892	1	2	3	4	4
1893	1	2	3	4	4
1894	1	2	3	3	4
1895	1	2	3	3	5
1896	1	2	3	3	5
1897	1	2	3	3	5
1898	1	2	3	3	5
1899	1	2	3	3	5
1900	1	2	3	3	5
1901	1	2	3	3	5
1902	1	2	3	4	5
1903	1	2	3	4	5
1904	1	2	3	3	5
1905	1	2	3	3	5
1906	1	2	3	4	5
1907	1	2	3	4	5
1908	1	2	3	4	5
1909	1	2	3	4	5
1910	1	2	3	4	5
1911	1	2	3	3	5
1912	1	2	3	3	5
1913	1	2	3	4	5
1914	1	2	3	3	5
1915	1	2	3	3	5
1916	1	2	3	3	5
1917	1	2	3	3	5
1918	1	2	3	3	5
1919	1	2	3	3	5
1920	1	2	3	3	5
1921	1	2	3	3	5
1922	1	2	3	3	5
1923	1	2	3	3	5
1924	1	2	3	3	5
1925	1	2	3	3	5
1926	1	2	3	3	5
1927	1	2	3	3	5
1928	1	2	3	3	5
1929	1	2	3	3	5
1930	1	2	3	3	5
1931	1	2	2	3	5
1932	1	2	2	3	5
1933	1	2	2	3	5
1934	1	2	2	3	5
1935	1	2	2	3	4
1936	1	2	2	3	4
1937	1	2	2	3	4
1938	1	2	2	3	5
1939	1	2	2	3	5
1940	1	2	2	3	5
1941	1	2	2	3	5
1942	1	2	2	3	5
1943	1	2	2	3	5
1944	1	2	2	3	5
1945	1	2	2	3	5
1946	1	2	2	3	5
1947	1	2	2	3	5
1948	1	2	2	3	5
1949	1	2	2	3	5
1950	1	2	2	3	5
1951	1	2	2	3	5
1952	1	2	2	3	5
1953	1	2	2	3	5
1954	1	2	2	3	5
1955	1	2	2	3	5
1956	1	2	2	3	5
1957	1	2	2	3	5
1958	1	2	2	3	5
1959	1	2	2	3	5
1960	1	2	2	3	5
1961	1	2	2	3	5
1962	1	2	2	3	4
1963	1	2	2	3	4
1964	1	2	2	3	4
1965	1	2	2	3	4
1966	1	2	2	3	5
1967	1	2	2	3	5
1968	1	2	2	3	5
1969	1	2	2	3	5
1970	1	2	2	3	5
1971	1	2	2	3	5
1972	1	2	2	3	5
1973	1	2	2	3	5
1974	1	2	2	3	5
1975	1	2	2	3	5
1976	1	2	2	3	5
1977	1	2	2	3	5
1978	1	2	2	3	5
1979	1	2	2	3	5
1980	1	2	2	3	4
1981	1	2	2	3	4
1982	1	2	2	3	4
1983	1	2	2	3	4
1984	1	2	2	3	4
1985	1	2	2	3	4
1986	1	2	2	3	4
1987	1	2	2	3	4
1988	1	2	2	3	4
1989	1	2	2	3	4
1990	1	2	2	3	4
1991	1	2	2	3	4
1992	1	2	2	3	4
1993	1	2	2	3	4
1994	1	2	2	3	4
1995	1	2	2	3	4
1996	1	2	2	3	4
1997	1	2	2	3	4
1998	1	2	2	3	4
1999	1	2	2	3	4
2000	1	2	2	3	4
2001	1	2	2	3	4
2002	1	2	2	3	4
2003	1	2	2	3	4
2004	1	2	2	3	4
2005	1	2	2	3	4
2006	1	2	2	3	4
2007	1	2	2	3	4
2008	1	2	2	3	4
2009	1	2	2	3	4
2010	1	2	2	3	4
2011	1	2	2	3	4
2012	1	2	2	3	4
2013	1	2	2	3	4
2014	1	2	2	3	4
2015	1	2	2	3	4
2016	1	2	2	3	4
2017	1	2	2	3	4
2018	1	2	2	3	4
2019	1	2	2	3	4
2020	1	2	2	3	4
2021	1	2	2	3	4
2022	1	2	2	3	4
2023	1	2	2	3	4
2024	1	2	2	3	4
2025	1	2	2	3	4
2026	1	2	2	3	4
2027	1	2	2	3	5
2028	1	2	2	3	5
2029	1	2	2	3	5
2030	1	2	2	3	5
2031	1	2	2	3	5
2032	1	2	2	3	5
2033	1	2	2	3	5
2034	1	2	2	3	5
2035	1	2	2	3	5
2036	1	2	2	3	5
2037	1	2	2	3	5
2038	1	2	2	3	5
2039	1	2	2	3	5
2040	1	2	2	3	5
2041	1	2	2	3	5
2042	1	2	2	3	5
2043	1	2	2	3	5
2044	1	2	2	3	5
2045	1	2	2	3	5
2046	1	2	2	3	5
2047	1	2	2	3	5
2048	1	2	2	3	5
2049	1	2	2	3	5
2050	1	2	2	3	5
2051	1	2	2	3	5
2052	1	2	2	3	5
2053	1	2	2	3	5
2054	1	2	2	3	5
2055	1	2	2	3	5
2056	1	2	2	3	5
2057	1	2	2	3	5
2058	1	2	2	3	5
2059	1	2	2	3	5
2060	1	2	2	3	5
2061	1	2	2	3	5
2062	1	2	2	3	5
2063	1	2	2	3	5
2064	1	2	2	3	5
2065	1	2	2	3	5
2066	1	2	2	3	5
2067	1	2	2	3	5
2068	1	2	2	3	5
2069	1	2	2	3	5
2070	1	2	2	3	5
2071	1	2	2	3	5
2072	1	2	2	3	5
2073	1	2	2	3	5
2074	1	2	2	3	5
2075	1	2	2	3	5
2076	1	2	2	3	5
2077	1	2	2	3	5
2078	1	2	2	3	5
2079	1	2	2	3	5
2080	1	2	2	3	5
2081	1	2	2	3	5
2082	1	2	2	3	5
2083	1	2	2	3	5
2084	1	2	2	3	5
2085	1	2	2	3	5
2086	1	2	2	3	5
2087	1	2	2	3	5
2088	1	2	2	3	5
2089	1	2	2	3	5
2090	1	2	2	3	5
2091	1	2	2	3	5
2092	1	2	2	3	5
2093	1	2	2	3	5
2094	1	2	2	3	5
2095	1	2	2	3	5
2096	1	2	2	3	5
2097	1	2	2	3	5
2098	1	2	2	3	5
2099	1	2	3	3	5
2100	1	2	2	3	5
2101	1	2	3	3	5
2102	1	2	3	3	5
2103	1	2	3	3	5
2104	1	2	3	3	5
2105	1	2	3	3	5
2106	1	2	3	3	5
2107	1	2	3	3	5
2108	1	2	2	3	5
2109	1	2	2	3	5
2110	1	2	2	3	5
2111	1	2	2	3	5
2112	1	2	2	3	5
2113	1	2	2	3	5
2114	1	2	2	3	5
2115	1	2	2	3	5
2116	1	2	2	3	5
2117	1	2	2	3	5
2118	1	2	2	3	5
2119	1	2	2	3	5
2120	1	2	2	3	5
2121	1	2	2	3	5
2122	1	2	2	3	5
2123	1	2	2	3	5
2124	1	2	2	4	5
2125	1	2	2	3	5
2126	1	2	2	3	5
2127	1	2	2	3	5
2128	1	2	2	3	5
2129	1	2	2	3	5
2130	1	2	2	3	5
2131	1	2	2	3	5
2132	1	2	2	3	5
2133	1	2	2	3	5
2134	1	2	2	3	5
2135	1	2	2	3	5
2136	1	2	2	3	5
2137	1	2	2	3	5
2138	1	2	2	3	5
2139	1	2	2	3	5
2140	1	2	2	3	5
2141	1	1	2	3	5
2142	1	1	2	3	5
2143	1	1	2	4	5
2144	1	1	2	4	5
2145	1	1	2	4	5
2146	1	1	2	4	5
2147	1	1	2	4	5
2148	1	1	2	4	5
2149	1	1	3	4	5
2150	1	1	3	4	5
2151	1	1	3	4	5
2152	1	1	3	4	5
2153	1	1	3	4	5
2154	1	1	2	4	5
2155	1	1	2	4	5
2156	1	1	3	4	5
2157	1	1	2	4	5
2158	1	1	2	4	5
2159	1	1	2	4	5
2160	1	1	3	4	5
2161	1	1	2	4	5
2162	1	1	2	4	5
2163	1	1	2	4	5
2164	1	1	2	4	5
2165	1	1	2	4	5
2166	1	1	2	4	5
2167	1	1	2	4	5
2168	1	1	2	4	5
2169	1	1	2	4	5
2170	1	1	2	4	5
2171	1	1	2	4	5
2172	1	1	2	4	5
2173	1	1	2	4	5
2174	1	1	2	3	5
2175	1	1	2	3	5
2176	1	1	2	3	5
2177	1	1	2	3	5
2178	1	2	2	3	5
2179	1	2	2	3	5
2180	1	2	2	3	5
2181	1	2	2	3	5
2182	1	1	2	3	5
2183	1	1	2	4	5
2184	1	1	2	4	5
2185	1	1	2	4	5
2186	1	1	2	4	5
2187	1	1	2	3	5
2188	1	1	2	3	5
2189	1	1	2	3	5
2190	1	1	2	3	5
2191	1	1	2	3	5
2192	1	1	2	3	5
2193	1	1	2	3	5
2194	1	1	2	3	5
2195	1	1	2	3	5
2196	1	1	2	3	5
2197	1	1	2	3	5
2198	1	1	2	3	5
2199	1	1	2	3	5
2200	1	2	2	3	5
2201	1	2	2	3	5
2202	1	2	2	3	4
2203	1	2	2	3	4
2204	1	2	2	3	4
2205	1	2	2	3	4
2206	1	2	2	3	4
2207	1	2	2	3	4
2208	1	2	2	3	4
2209	1	2	2	3	4
2210	1	2	2	3	4
2211	1	2	2	3	4
2212	1	2	2	3	5
2213	1	2	2	3	5
2214	1	2	2	3	5
2215	1	2	2	3	5
2216	1	2	2	3	5
2217	1	2	2	3	5
2218	1	2	2	3	4
2219	1	2	2	3	4
2220	1	2	2	3	4
2221	1	2	2	3	4
2222	1	2	2	3	4
2223	1	2	2	3	4
2224	1	2	2	3	4
2225	1	2	2	3	4
2226	1	2	2	3	4
2227	1	2	2	3	4
2228	1	2	2	3	4
2229	1	2	2	3	4
2230	1	2	2	3	4
2231	1	2	2	3	4
2232	1	2	2	3	4
2233	1	2	2	3	5
2234	1	2	2	3	4
2235	1	2	2	3	4
2236	1	2	2	3	4
2237	1	2	2	3	4
2238	1	2	2	4	4
2239	1	2	2	4	4
2240	1	2	2	4	4
2241	1	2	2	4	4
2242	1	2	2	4	4
2243	1	2	2	4	4
2244	1	2	2	4	4
2245	1	2	2	4	4
2246	1	2	2	4	4
2247	1	2	2	4	5
2248	1	2	2	4	5
2249	1	2	2	4	5
2250	1	2	2	4	5
2251	1	2	2	4	5
2252	1	2	2	4	5
2253	1	2	2	3	5
2254	1	2	2	3	5
2255	1	2	2	4	5
2256	1	2	2	4	5
2257	1	2	2	4	5
2258	1	2	2	4	5
2259	1	2	2	4	5
2260	1	2	2	4	5
2261	1	2	2	4	5
2262	1	2	2	3	5
2263	1	2	2	3	5
2264	1	2	2	3	5
2265	1	2	3	3	5
2266	1	2	3	3	5
2267	1	2	3	3	5
2268	1	2	3	3	5
2269	1	2	3	3	5
2270	1	2	3	3	5
2271	1	2	3	3	5
2272	1	2	3	3	5
2273	1	2	3	3	5
2274	1	2	3	3	5
2275	1	2	3	3	5
2276	1	2	2	3	5
2277	1	2	3	3	5
2278	1	2	3	3	5
2279	1	2	3	3	5
2280	1	2	2	3	5
2281	1	2	2	3	5
2282	1	2	3	3	5
2283	1	2	3	3	5
2284	1	2	3	3	5
2285	1	2	3	3	5
2286	1	2	3	3	5
2287	1	2	3	3	5
2288	1	2	3	3	5
2289	1	2	2	3	5
2290	1	2	2	3	5
2291	1	2	2	3	5
2292	1	2	2	3	5
2293	1	2	2	3	5
2294	1	2	2	3	5
2295	1	2	3	3	5
2296	1	2	3	3	5
2297	1	2	3	3	5
2298	1	2	3	3	5
2299	1	2	2	3	5
2300	1	2	2	3	5
2301	1	2	2	3	5
2302	1	2	2	3	5
2303	1	2	2	3	5
2304	1	2	2	3	5
2305	1	2	2	3	5
2306	1	2	2	3	5
2307	1	2	2	3	5
2308	1	2	2	3	5
2309	1	2	2	3	5
2310	1	2	2	3	5
2311	1	2	2	3	5
2312	1	2	2	3	5
2313	1	2	2	3	5
2314	1	2	2	3	5
2315	1	2	2	3	5
2316	1	2	2	3	5
2317	1	2	2	3	5
2318	1	2	2	3	4
2319	1	2	2	3	4
2320	1	2	2	3	4
2321	1	2	2	3	4
2322	1	2	2	3	4
2323	1	2	2	3	4
2324	1	2	2	3	5
2325	1	2	2	3	5
2326	1	2	3	3	5
2327	1	2	3	3	5
2328	1	2	3	3	5
2329	1	2	3	3	5
2330	1	2	3	3	5
2331	1	2	3	3	5
2332	1	2	3	3	5
2333	1	2	3	3	5
2334	1	2	3	3	5
2335	1	2	3	3	5
2336	1	2	3	3	5
2337	1	2	3	3	5
2338	1	2	3	3	5
2339	1	2	2	3	5
2340	1	2	2	3	5
2341	1	2	2	3	5
2342	1	2	2	3	5
2343	1	2	2	3	5
2344	1	2	2	3	5
2345	1	2	2	3	5
2346	1	2	2	3	5
2347	1	2	2	3	5
2348	1	2	2	3	5
2349	1	2	2	3	5
2350	1	2	2	3	5
2351	1	2	2	3	5
2352	1	2	2	3	5
2353	1	2	2	3	5
2354	1	2	2	3	5
2355	1	2	2	3	5
2356	1	2	2	3	5
2357	1	2	2	3	5
2358	1	2	2	3	5
2359	1	2	2	3	5
2360	1	2	2	3	5
2361	1	2	2	3	5
2362	1	2	2	3	5
2363	1	2	2	3	5
2364	1	2	2	3	5
2365	1	2	2	3	5
2366	1	2	2	3	5
2367	1	2	2	3	5
2368	1	2	2	3	5
2369	1	2	2	3	5
2370	1	2	2	3	5
2371	1	2	2	3	5
2372	1	2	2	3	5
2373	1	2	2	3	5
2374	1	2	2	3	5
2375	1	2	2	3	5
2376	1	2	2	3	5
2377	1	2	2	3	5
2378	1	2	2	3	5
2379	1	2	2	3	5
2380	1	2	2	3	5
2381	1	2	2	3	5
2382	1	2	2	3	5
2383	1	2	2	3	5
2384	1	2	2	3	5
2385	1	2	2	3	5
2386	1	2	2	3	5
2387	1	2	2	3	5
2388	1	2	2	3	5
2389	1	2	2	3	5
2390	1	2	2	3	5
2391	1	2	2	3	5
2392	1	2	2	3	5
2393	1	2	2	3	5
2394	1	2	2	3	5
2395	1	2	2	3	5
2396	1	2	2	3	5
2397	1	2	2	3	5
2398	1	2	2	3	5
2399	1	2	2	3	5
2400	1	2	2	3	5
2401	1	2	2	3	5
2402	1	2	2	3	5
2403	1	2	2	3	5
2404	1	2	2	3	5
2405	1	2	2	3	5
2406	1	2	2	3	5
2407	1	2	2	3	5
2408	1	2	2	3	5
2409	1	2	2	3	5
2410	1	2	2	3	5
2411	1	2	2	3	5
2412	1	2	2	3	5
2413	1	2	2	3	4
2414	1	2	2	3	4
2415	1	2	2	3	4
2416	1	2	2	3	5
2417	1	2	2	3	5
2418	1	2	2	3	5
2419	1	2	2	3	5
2420	1	2	2	3	5
2421	1	2	2	3	4
2422	1	2	2	3	4
2423	1	2	2	3	5
2424	1	2	2	3	5
2425	1	2	2	3	5
2426	1	2	2	3	5
2427	1	2	2	3	5
2428	1	2	2	3	5
2429	1	2	2	3	5
2430	1	2	2	3	5
2431	1	2	2	3	5
2432	1	2	2	3	5
2433	1	2	2	3	5
2434	1	2	2	3	5
2435	1	2	2	3	5
2436	1	2	2	3	5
2437	1	2	2	3	5
2438	1	2	2	3	5
2439	1	2	2	3	5
2440	1	2	2	3	5
2441	1	2	2	3	5
2442	1	2	2	3	5
2443	1	2	2	3	5
2444	1	2	2	3	5
2445	1	2	2	3	5
2446	1	2	2	3	5
2447	1	2	2	3	5
2448	1	2	2	3	5
2449	1	2	2	3	5
2450	1	2	2	3	5
2451	1	2	2	3	5
2452	1	2	2	3	5
2453	1	2	2	3	5
2454	1	2	2	3	5
2455	1	2	2	3	5
2456	1	2	2	3	4
2457	1	2	2	3	4
2458	1	2	2	3	4
2459	1	1	2	3	4
2460	1	1	2	3	4
2461	1	1	2	3	4
2462	1	1	2	3	4
2463	1	1	2	3	5
2464	1	1	2	3	5
2465	1	1	2	3	5
2466	1	1	2	3	5
2467	1	1	2	3	5
2468	1	1	2	3	5
2469	1	1	2	3	5
2470	1	1	2	3	4
2471	1	1	2	3	5
2472	1	1	2	3	5
2473	1	1	2	3	5
2474	1	1	2	3	5
2475	1	1	2	3	5
2476	1	1	2	3	5
2477	1	1	2	3	5
2478	1	1	2	3	5
2479	1	1	2	3	5
2480	1	1	2	3	5
2481	1	1	2	3	5
2482	1	1	2	3	5
2483	1	1	2	3	5
2484	1	1	2	3	4
2485	1	1	2	3	4
2486	1	1	2	3	4
2487	1	1	2	3	4
2488	1	1	2	3	4
2489	1	1	2	3	4
2490	1	1	2	3	4
2491	1	1	2	3	4
2492	1	1	2	3	4
2493	1	1	2	3	4
2494	1	1	2	3	4
2495	1	1	2	3	4
2496	1	1	2	3	4
2497	1	1	2	3	4
2498	1	1	2	3	4
2499	1	1	2	3	4
2500	1	1	2	3	4
2501	1	1	2	3	5
2502	1	2	2	3	4
2503	1	2	2	3	5
2504	1	2	2	3	5
2505	1	2	2	3	5
2506	1	2	2	3	4
2507	1	2	2	3	4
2508	1	2	2	3	4
2509	1	2	2	3	4
2510	1	2	2	3	4
2511	1	2	2	3	4
2512	1	2	2	3	4
2513	1	2	2	3	4
2514	1	2	2	3	4
2515	1	2	2	3	4
2516	1	2	2	3	4
2517	1	2	2	3	4
2518	1	2	2	3	4
2519	1	2	2	3	4
2520	1	2	2	3	4
2521	1	2	2	3	4
2522	1	2	2	3	4
2523	1	2	2	3	4
2524	1	2	2	3	4
2525	1	2	2	3	4
2526	1	2	2	3	4
2527	1	2	2	3	4
2528	1	2	2	3	4
2529	1	2	2	3	4
2530	1	2	2	3	4
2531	1	1	2	3	4
2532	1	2	2	3	4
2533	1	2	2	3	4
2534	1	1	2	3	4
2535	1	1	2	3	4
2536	1	1	2	3	4
2537	1	1	2	3	4
2538	1	1	2	3	4
2539	1	1	2	3	4
2540	1	1	2	3	4
2541	1	1	2	3	4
2542	1	1	2	3	4
2543	1	1	2	3	4
2544	1	1	2	3	4
2545	1	1	2	3	4
2546	1	1	2	3	4
2547	1	1	2	3	4
2548	1	1	2	3	4
2549	1	1	2	3	4
2550	1	1	2	3	4
2551	1	1	2	3	4
2552	1	1	2	3	4
2553	1	1	2	3	4
2554	1	1	2	3	4
2555	1	1	2	3	4
2556	1	1	2	3	4
2557	1	1	2	3	4
2558	1	1	2	3	4
2559	1	1	2	3	4
2560	1	1	2	3	4
2561	1	1	2	3	4
2562	1	1	2	3	4
2563	1	1	2	3	4
2564	1	1	2	3	4
2565	1	1	2	3	4
2566	1	1	2	3	4
2567	1	1	2	3	4
2568	1	1	2	3	4
2569	1	1	2	3	4
2570	1	1	2	3	4
2571	1	1	2	3	4
2572	1	1	2	3	4
2573	1	1	2	3	4
2574	1	1	2	3	4
2575	1	1	2	3	4
2576	1	1	2	3	4
2577	1	1	2	3	4
2578	1	1	2	3	4
2579	1	1	2	3	4
2580	1	1	2	3	4
2581	1	1	2	3	4
2582	1	1	2	3	4
2583	1	1	2	3	4
2584	1	1	2	3	4
2585	1	1	2	3	4
2586	1	1	2	3	4
2587	1	1	2	3	4
2588	1	1	2	3	4
2589	1	1	2	3	4
2590	1	1	2	3	4
2591	1	1	2	3	4
2592	1	1	2	3	4
2593	1	1	2	3	4
2594	1	1	2	3	4
2595	1	1	2	3	4
2596	1	1	2	3	4
2597	1	1	2	3	4
2598	1	1	2	3	4
2599	1	1	2	3	4
2600	1	1	2	3	4
2601	1	1	2	3	4
2602	1	1	2	3	4
2603	1	2	2	3	4
2604	1	2	2	3	4
2605	1	2	2	3	4
2606	1	2	2	3	4
2607	1	2	2	3	4
2608	1	2	2	3	4
2609	1	2	2	3	4
2610	1	1	2	3	4
2611	1	1	2	3	4
2612	1	1	2	3	4
2613	1	1	2	3	4
2614	1	1	2	3	4
2615	1	1	2	3	4
2616	1	2	2	3	4
2617	1	2	2	3	4
2618	1	2	2	3	4
2619	1	2	2	3	4
2620	1	1	2	3	4
2621	1	1	2	3	4
2622	1	1	2	3	4
2623	1	1	2	3	4
2624	1	1	2	3	4
2625	1	1	2	3	4
2626	1	1	2	3	4
2627	1	1	2	3	4
2628	1	1	2	3	4
2629	1	1	2	3	4
2630	1	2	2	3	4
2631	1	1	2	3	4
2632	1	1	2	3	4
2633	1	1	2	3	4
2634	1	1	2	3	4
2635	1	1	2	3	4
2636	1	1	2	3	4
2637	1	1	2	3	4
2638	1	1	2	3	4
2639	1	1	2	3	4
2640	1	1	2	3	4
2641	1	2	2	3	4
2642	1	2	2	3	4
2643	1	2	2	3	4
2644	1	2	2	3	4
2645	1	2	2	3	4
2646	1	2	2	3	4
2647	1	2	2	3	4
2648	1	2	2	3	4
2649	1	2	2	3	4
2650	1	2	2	3	4
2651	1	2	2	3	4
2652	1	2	2	3	4
2653	1	2	2	3	4
2654	1	2	2	3	4
2655	1	2	2	3	4
2656	1	2	2	3	4
2657	1	2	2	3	4
2658	1	2	2	3	4
2659	1	2	2	3	4
2660	1	2	2	3	4
2661	1	2	2	3	4
2662	1	2	2	3	4
2663	1	2	2	3	4
2664	1	2	2	3	4
2665	1	2	2	3	4
2666	1	2	2	3	4
2667	1	2	2	3	4
2668	1	2	2	3	4
2669	1	2	2	3	4
2670	1	2	2	3	4
2671	1	2	2	3	4
2672	1	2	2	3	4
2673	1	2	2	3	4
2674	1	2	2	3	4
2675	1	2	2	3	4
2676	1	2	2	3	4
2677	1	2	2	3	4
2678	1	2	2	3	4
2679	1	2	2	3	4
2680	1	2	2	3	4
2681	1	2	2	3	4
2682	1	2	2	3	4
2683	1	2	2	3	4
2684	1	2	2	3	4
2685	1	2	2	3	4
2686	1	2	2	3	4
2687	1	2	2	3	4
2688	1	2	2	3	4
2689	1	2	2	3	4
2690	1	2	2	3	4
2691	1	2	2	3	4
2692	1	2	2	3	4
2693	1	2	2	3	4
2694	1	2	2	3	4
2695	1	2	2	3	4
2696	1	2	2	3	4
2697	1	2	2	3	4
2698	1	2	2	3	4
2699	1	2	2	3	4
2700	1	2	2	3	4
2701	1	2	2	3	4
2702	1	2	2	3	4
2703	1	2	2	3	4
2704	1	2	2	3	4
2705	1	2	2	3	4
2706	1	2	2	3	4
2707	1	2	2	3	4
2708	1	2	2	3	4
2709	1	2	2	3	4
2710	1	2	2	3	4
2711	1	2	2	3	4
2712	1	2	2	3	4
2713	1	2	2	3	4
2714	1	2	2	3	4
2715	1	2	2	3	4
2716	1	2	2	3	4
2717	1	2	2	3	4
2718	1	2	2	3	4
2719	1	2	2	3	4
2720	1	2	2	3	4
2721	1	2	2	3	4
2722	1	2	2	3	4
2723	1	2	2	3	4
2724	1	2	2	3	4
2725	1	2	2	3	4
2726	1	2	2	3	4
2727	1	2	2	3	4
2728	1	2	2	3	4
2729	1	2	2	3	4
2730	1	2	2	3	4
2731	1	2	2	3	4
2732	1	2	2	3	4
2733	1	2	2	3	4
2734	1	2	2	3	4
2735	1	2	2	3	4
2736	1	2	2	3	4
2737	1	2	2	3	4
2738	1	2	2	3	4
2739	1	2	2	3	4
2740	1	2	2	3	4
2741	1	2	2	3	4
2742	1	2	2	3	4
2743	1	1	2	3	4
2744	1	1	2	3	4
2745	1	1	2	3	4
2746	1	1	2	3	4
2747	1	1	2	3	4
2748	1	1	2	3	4
2749	1	1	2	3	4
2750	1	1	2	3	4
2751	1	1	2	3	4
2752	1	1	2	3	4
2753	1	1	2	3	4
2754	1	1	2	3	4
2755	1	1	2	3	4
2756	1	1	2	3	4
2757	1	1	2	3	4
2758	1	1	2	3	4
2759	1	1	2	3	4
2760	1	1	2	3	4
2761	1	1	2	3	4
2762	1	1	2	3	4
2763	1	1	2	3	4
2764	1	1	2	3	4
2765	1	1	2	3	4
2766	1	1	2	3	4
2767	1	1	2	3	4
2768	1	1	2	3	4
2769	1	1	2	3	4
2770	1	1	2	3	4
2771	1	1	2	3	4
2772	1	1	2	3	4
2773	1	1	2	3	4
2774	1	1	2	3	4
2775	1	1	2	3	4
2776	1	1	2	3	4
2777	1	1	2	3	4
2778	1	1	2	3	4
2779	1	1	2	3	4
2780	1	1	2	3	4
2781	1	1	2	3	4
2782	1	1	2	3	4
2783	1	1	2	3	4
2784	1	1	2	3	4
2785	1	1	2	3	4
2786	1	1	2	3	4
2787	1	1	2	3	4
2788	1	1	2	3	4
2789	1	1	2	3	4
2790	1	1	2	3	4
2791	1	1	2	3	4
2792	1	1	2	3	4
2793	1	1	2	3	4
2794	1	1	2	3	4
2795	1	1	2	3	4
2796	1	1	2	3	4
2797	1	1	2	3	4
2798	1	1	2	3	4
2799	1	1	2	3	4
2800	1	1	2	3	4
2801	1	1	2	3	4
2802	1	1	2	3	4
2803	1	1	2	3	4
2804	1	1	2	3	4
2805	1	1	2	3	4
2806	1	1	2	3	4
2807	1	1	2	3	4
2808	1	1	2	3	4
2809	1	1	2	3	4
2810	1	1	2	3	4
2811	1	1	2	3	4
2812	1	1	2	3	4
2813	1	1	2	3	4
2814	1	1	2	3	4
2815	1	1	2	3	4
2816	1	1	2	3	4
2817	1	1	2	3	4
2818	1	1	2	3	4
2819	1	1	2	3	4
2820	1	1	2	3	4
2821	1	1	2	3	4
2822	1	1	2	3	4
2823	1	1	2	3	4
2824	1	1	2	3	4
2825	1	1	2	3	4
2826	1	1	2	3	4
2827	1	1	2	3	4
2828	1	1	2	3	4
2829	1	1	2	3	4
2830	1	1	2	3	4
2831	1	1	2	3	4
2832	1	1	2	3	4
2833	1	1	2	3	4
2834	1	1	2	3	4
2835	1	1	2	3	4
2836	1	1	2	3	4
2837	1	1	2	3	4
2838	1	1	2	3	4
2839	1	1	2	3	4
2840	1	1	2	3	4
2841	1	1	2	3	4
2842	1	1	2	3	4
2843	1	1	2	3	4
2844	1	1	2	3	4
2845	1	1	2	3	4
2846	1	1	2	3	4
2847	1	1	2	3	4
2848	1	1	2	3	4
2849	1	1	2	3	4
2850	1	1	2	3	4
2851	1	1	2	3	4
2852	1	1	2	3	4
2853	1	1	2	3	4
2854	1	1	2	3	4
2855	1	1	2	3	4
2856	1	1	2	3	4
2857	1	1	2	3	4
2858	1	1	2	3	4
2859	1	1	2	3	4
2860	1	1	2	3	4
2861	1	1	2	3	4
2862	1	1	2	3	4
2863	1	1	2	3	4
2864	1	1	2	3	4
2865	1	1	2	3	4
2866	1	1	2	3	4
2867	1	1	2	3	4
2868	1	1	2	3	4
2869	1	1	2	3	4
2870	1	1	2	3	4
2871	1	1	2	3	4
2872	1	1	2	3	4
2873	1	1	2	3	4
2874	1	1	2	3	4
2875	1	1	2	3	4
2876	1	1	2	3	4
2877	1	1	2	3	4
2878	1	1	2	3	4
2879	1	1	2	3	4
2880	1	1	2	3	4
2881	1	1	2	3	4
2882	1	1	2	3	4
2883	1	1	2	3	4
2884	1	1	2	3	4
2885	1	1	2	3	4
2886	1	1	2	3	4
2887	1	1	2	3	4
2888	1	1	2	3	4
2889	1	1	2	3	4
2890	1	1	2	3	4
2891	1	1	2	3	4
2892	1	1	2	3	4
2893	1	1	2	3	4
2894	1	1	2	3	4
2895	1	1	2	3	4
2896	1	1	2	3	4
2897	1	1	2	3	4
2898	1	1	2	3	4
2899	1	1	2	3	4
2900	1	1	2	3	4
2901	1	1	2	3	4
2902	1	1	2	3	4
2903	1	1	2	3	4
2904	1	1	2	3	4
2905	1	1	2	3	4
2906	1	1	2	3	4
2907	1	1	2	3	4
2908	1	1	2	3	4
2909	1	1	2	3	4
2910	1	1	2	3	4
2911	1	1	2	3	4
2912	1	1	2	3	4
2913	1	1	2	3	4
2914	1	1	2	3	4
2915	1	1	2	3	4
2916	1	1	2	3	4
2917	1	1	2	3	4
2918	1	1	2	3	4
2919	1	1	2	3	4
2920	1	1	2	3	4
2921	1	1	2	3	4
2922	1	1	2	3	4
2923	1	1	2	3	4
2924	1	1	2	3	4
2925	1	1	2	3	4
2926	1	1	2	3	4
2927	1	1	2	3	4
2928	1	1	2	3	4
2929	1	1	2	3	4
2930	1	1	2	3	4
2931	1	1	2	3	4
2932	1	1	2	3	4
2933	1	1	2	3	4
2934	1	1	2	3	4
2935	1	1	2	3	4
2936	1	1	2	3	4
2937	1	1	2	3	4
2938	1	1	2	3	4
2939	1	1	2	3	4
2940	1	1	2	3	4
2941	1	1	2	3	4
2942	1	1	2	3	4
2943	1	1	2	3	4
2944	1	1	2	3	4
2945	1	1	2	3	4
2946	1	1	2	3	4
2947	1	1	2	3	4
2948	1	1	2	3	4
2949	1	1	2	3	4
2950	1	1	2	3	4
2951	1	1	2	3	4
2952	1	1	2	3	4
2953	1	1	2	3	4
2954	1	1	2	3	4
2955	1	1	2	3	4
2956	1	1	2	3	4
2957	1	1	2	3	4
2958	1	1	2	3	4
2959	1	1	2	3	4
2960	1	1	2	3	4
2961	1	1	2	3	4
2962	1	1	2	3	4
2963	1	1	2	3	4
2964	1	1	2	3	4
2965	1	1	2	3	4
2966	1	1	2	3	4
2967	1	1	2	3	4
2968	1	1	2	3	4
2969	1	1	2	3	4
2970	1	1	2	3	4
2971	1	1	2	3	4
2972	1	1	2	3	4
2973	1	1	2	3	4
2974	1	1	2	3	4
2975	1	1	2	3	4
2976	1	1	2	3	4
2977	1	1	2	3	4
2978	1	1	2	3	4
2979	1	1	2	3	4
2980	1	1	2	3	4
2981	1	1	2	3	4
2982	1	1	2	3	4
2983	1	1	2	3	4
2984	1	1	2	3	4
2985	1	1	2	3	4
2986	1	1	2	3	4
2987	1	1	2	3	4
2988	1	1	2	3	4
2989	1	1	2	3	4
2990	1	1	2	3	4
2991	1	1	2	2	4
2992	1	1	2	2	4
2993	1	1	2	2	4
2994	1	1	2	3	4
2995	1	1	2	2	4
2996	1	1	2	2	4
2997	1	1	2	2	4
2998	1	1	2	3	4
2999	1	1	2	3	4
3000	1	1	2	3	4
3001	1	1	2	3	4
3002	1	1	2	3	4
3003	1	1	2	3	4
3004	1	1	2	3	4
3005	1	1	2	3	4
3006	1	1	2	3	4
3007	1	1	2	3	4
3008	1	1	2	3	4
3009	1	1	2	3	4
3010	1	1	2	3	4
3011	1	1	2	3	4
3012	1	1	2	3	4
3013	1	1	2	3	4
3014	1	1	2	2	4
3015	1	1	2	2	4
3016	1	1	2	2	4
3017	1	1	2	2	4
3018	1	1	2	3	4
3019	1	1	2	3	4
3020	1	1	2	3	4
3021	1	1	2	3	4
3022	1	1	2	3	4
3023	1	1	2	2	4
3024	1	1	2	2	4
3025	1	1	2	2	4
3026	1	1	2	2	4
3027	1	1	2	3	4
3028	1	1	2	3	4
3029	1	1	2	2	4
3030	1	1	2	2	4
3031	1	1	2	2	4
3032	1	1	2	2	4
3033	1	1	2	2	4
3034	1	1	2	3	4
3035	1	1	2	3	4
3036	1	1	2	3	4
3037	1	1	2	3	4
3038	1	1	2	3	4
3039	1	1	2	3	4
3040	1	1	2	3	4
3041	1	1	2	3	4
3042	1	1	2	3	4
3043	1	1	2	3	4
3044	1	1	2	2	4
3045	1	1	2	2	4
3046	1	1	2	2	4
3047	1	1	2	2	4
3048	1	1	2	3	4
3049	1	1	2	3	4
3050	1	1	2	3	4
3051	1	1	2	3	4
3052	1	1	2	2	4
3053	1	1	2	2	4
3054	1	1	2	2	4
3055	1	1	2	2	4
3056	1	1	2	2	4
3057	1	1	2	2	4
3058	1	1	2	2	4
3059	1	1	2	2	4
3060	1	1	2	2	4
3061	1	1	2	2	4
3062	1	1	2	2	4
3063	1	1	2	2	4
3064	1	1	2	2	4
3065	1	1	2	2	4
3066	1	1	2	2	4
3067	1	1	2	2	4
3068	1	1	2	2	4
3069	1	1	2	2	4
3070	1	1	2	2	4
3071	1	1	2	2	4
3072	1	1	2	2	4
3073	1	1	2	2	4
3074	1	1	2	2	4
3075	1	1	2	2	4
3076	1	1	2	2	4
3077	1	1	2	2	4
3078	1	1	2	2	4
3079	1	1	2	2	4
3080	1	1	2	2	4
3081	1	1	2	2	4
3082	1	1	2	2	4
3083	1	1	2	2	4
3084	1	1	2	2	4
3085	1	1	2	2	4
3086	1	1	2	2	4
3087	1	1	2	2	3
3088	1	1	2	2	3
3089	1	1	2	2	3
3090	1	1	2	2	3
3091	1	1	2	3	3
3092	1	1	2	3	3
3093	1	1	2	3	3
3094	1	1	2	3	4
3095	1	1	2	3	4
3096	1	1	2	3	4
3097	1	1	2	3	4
3098	1	1	2	3	4
3099	1	1	2	3	4
3100	1	1	2	3	4
3101	1	1	2	3	4
3102	1	1	2	3	4
3103	1	1	2	3	4
3104	1	1	2	3	4
3105	1	1	2	3	4
3106	1	1	2	3	4
3107	1	1	2	3	4
3108	1	1	2	3	4
3109	1	1	2	3	4
3110	1	1	2	3	4
3111	1	1	2	3	4
3112	1	1	2	3	4
3113	1	1	2	3	4
3114	1	1	2	3	4
3115	1	1	2	3	4
3116	1	1	2	3	4
3117	1	1	2	3	4
3118	1	1	2	3	4
3119	1	1	2	3	4
3120	1	1	2	3	4
3121	1	1	2	3	4
3122	1	1	2	3	4
3123	1	1	2	3	4
3124	1	1	2	3	4
3125	1	1	2	3	4
3126	1	1	2	3	4
3127	1	1	2	3	4
3128	1	1	2	3	4
3129	1	1	2	3	4
3130	1	1	2	3	4
3131	1	1	2	3	4
3132	1	1	2	3	4
3133	1	1	2	3	4
3134	1	1	2	3	4
3135	1	1	2	3	4
3136	1	1	2	3	4
3137	1	1	2	3	4
3138	1	1	2	3	4
3139	1	1	2	3	4
3140	1	1	2	3	4
3141	1	1	2	3	4
3142	1	1	2	3	4
3143	1	1	2	3	4
3144	1	1	2	3	4
3145	1	1	2	3	4
3146	1	1	2	3	4
3147	1	1	2	3	4
3148	1	1	2	3	4
3149	1	1	2	3	4
3150	1	1	2	3	4
3151	1	1	2	3	4
3152	1	1	2	3	4
3153	1	1	2	3	4
3154	1	1	2	3	4
3155	1	1	2	3	4
3156	1	1	2	2	4
3157	1	1	2	3	4
3158	1	1	2	2	4
3159	1	1	2	2	4
3160	1	1	2	2	4
3161	1	1	2	2	4
3162	1	1	2	2	4
3163	1	1	2	2	4
3164	1	1	2	2	4
3165	1	1	2	2	4
3166	1	1	2	2	4
3167	1	1	2	2	4
3168	1	1	2	2	4
3169	1	1	2	2	4
3170	1	1	2	2	4
3171	1	1	2	2	4
3172	1	1	2	2	4
3173	1	1	2	2	4
3174	1	1	2	2	4
3175	1	1	2	2	3
3176	1	1	2	2	3
3177	1	1	2	2	3
3178	1	1	2	2	3
3179	1	1	2	2	3
3180	1	1	2	2	3
3181	1	1	2	2	3
3182	1	1	2	2	3
3183	1	1	2	2	3
3184	1	1	2	2	3
3185	1	1	2	2	3
3186	1	1	2	2	3
3187	1	1	2	3	3
3188	1	1	2	3	3
3189	1	1	2	3	3
3190	1	1	2	3	3
3191	1	1	2	3	3
3192	1	1	2	3	3
3193	1	1	2	3	3
3194	1	1	2	3	3
3195	1	1	2	3	4
3196	1	1	2	3	4
3197	1	1	2	3	4
3198	1	1	2	3	4
3199	1	1	2	3	4
3200	1	1	2	3	4
3201	1	1	2	3	3
3202	1	1	2	3	3
3203	1	1	2	3	3
3204	1	1	2	3	3
3205	1	1	2	3	3
3206	1	1	2	3	3
3207	1	1	2	3	3
3208	1	1	2	3	3
3209	1	1	2	3	3
3210	1	1	2	3	3
3211	1	1	2	3	3
3212	1	1	2	3	3
3213	1	1	2	3	3
3214	1	1	2	3	3
3215	1	1	2	3	3
3216	1	1	2	3	3
3217	1	1	2	3	3
3218	1	1	2	3	3
3219	1	1	2	3	3
3220	1	1	2	3	3
3221	1	1	2	3	3
3222	1	1	2	3	4
3223	1	1	2	3	3
3224	1	1	2	3	3
3225	1	1	2	3	3
3226	1	1	2	3	3
3227	1	1	2	3	3
3228	1	1	2	3	3
3229	1	1	2	3	3
3230	1	1	2	3	3
3231	1	1	2	3	3
3232	1	1	2	3	3
3233	1	1	2	3	3
3234	1	1	2	3	3
3235	1	1	2	3	3
3236	1	1	2	3	3
3237	1	1	2	3	4
3238	1	1	2	3	4
3239	1	1	2	3	4
3240	1	1	2	3	4
3241	1	1	2	3	4
3242	1	1	2	3	4
3243	1	1	2	2	4
3244	1	1	2	2	4
3245	1	1	2	2	4
3246	1	1	2	2	4
3247	1	1	2	2	4
3248	1	1	2	2	4
3249	1	1	2	2	4
3250	1	1	2	2	4
3251	1	1	2	2	4
3252	1	1	2	2	4
3253	1	1	2	2	4
3254	1	1	2	2	4
3255	1	1	2	2	4
3256	1	1	2	2	4
3257	1	1	2	2	4
3258	1	1	2	2	4
3259	1	1	2	2	4
3260	1	1	2	2	4
3261	1	1	2	2	4
3262	1	1	2	2	4
3263	1	1	2	2	4
3264	1	1	2	2	4
3265	1	1	2	2	4
3266	1	1	2	2	4
3267	1	1	2	2	4
3268	1	1	2	2	4
3269	1	1	2	2	4
3270	1	1	2	2	4
3271	1	1	2	2	4
3272	1	1	2	2	4
3273	1	1	2	2	4
3274	1	1	2	2	4
3275	1	1	2	2	4
3276	1	1	2	2	3
3277	1	1	2	2	3
3278	1	1	2	2	3
3279	1	1	2	2	4
3280	1	1	2	2	3
3281	1	1	2	2	3
3282	1	1	2	2	3
3283	1	1	2	2	3
3284	1	1	2	2	3
3285	1	1	2	2	3
3286	1	1	2	3	3
3287	1	1	2	3	4
3288	1	1	2	3	4
3289	1	1	2	3	4
3290	1	1	2	3	4
3291	1	1	2	3	4
3292	1	1	2	2	4
3293	1	1	2	3	4
3294	1	1	2	3	4
3295	1	1	2	2	4
3296	1	1	2	2	4
3297	1	1	2	2	4
3298	1	1	2	2	4
3299	1	1	2	2	4
3300	1	1	2	2	4
3301	1	1	2	2	4
3302	1	1	2	3	4
3303	1	1	2	3	4
3304	1	1	2	3	4
3305	1	1	2	2	4
3306	1	1	2	2	4
3307	1	1	2	2	4
3308	1	1	2	2	4
3309	1	1	2	2	4
3310	1	1	2	2	4
3311	1	1	2	2	4
3312	1	1	2	2	4
3313	1	1	2	2	4
3314	1	1	2	2	4
3315	1	1	2	2	4
3316	1	1	2	2	4
3317	1	1	2	2	4
3318	1	1	2	2	4
3319	1	1	2	2	4
3320	1	1	2	2	4
3321	1	1	2	2	4
3322	1	1	2	2	4
3323	1	1	2	2	4
3324	1	1	2	2	4
3325	1	1	2	2	4
3326	1	1	2	2	4
3327	1	1	2	2	4
3328	1	1	2	2	4
3329	1	1	2	2	4
3330	1	1	2	2	4
3331	1	1	2	3	4
3332	1	1	2	2	4
3333	1	1	2	2	4
3334	1	1	2	2	4
3335	1	1	2	2	4
3336	1	1	2	2	4
3337	1	1	2	2	4
3338	1	1	2	2	4
3339	1	1	2	2	4
3340	1	1	2	2	4
3341	1	1	2	2	4
3342	1	1	2	3	4
3343	1	1	2	3	4
3344	1	1	2	3	4
3345	1	1	2	3	4
3346	1	1	2	3	4
3347	1	1	2	2	4
3348	1	1	2	2	4
3349	1	1	2	2	4
3350	1	1	2	2	4
3351	1	1	2	2	4
3352	1	1	2	2	4
3353	1	1	2	2	4
3354	1	1	2	2	4
3355	1	1	2	2	4
3356	1	1	2	2	4
3357	1	1	2	2	4
3358	1	1	2	2	4
3359	1	1	2	2	4
3360	1	1	2	2	4
3361	1	1	2	2	4
3362	1	1	2	2	4
3363	1	1	2	2	4
3364	1	1	2	2	4
3365	1	1	2	2	4
3366	1	1	2	2	4
3367	1	1	2	2	4
3368	1	1	2	2	4
3369	1	1	2	2	4
3370	1	1	2	2	4
3371	1	1	2	2	4
3372	1	1	2	2	4
3373	1	1	2	2	4
3374	1	1	2	2	4
3375	1	1	2	2	4
3376	1	1	2	2	4
3377	1	1	2	2	4
3378	1	1	2	2	4
3379	1	1	2	2	4
3380	1	1	2	2	4
3381	1	1	2	2	4
3382	1	1	2	2	4
3383	1	1	2	2	4
3384	1	1	2	2	4
3385	1	1	2	2	4
3386	1	1	2	2	4
3387	1	1	2	2	4
3388	1	1	2	2	4
3389	1	1	2	2	4
3390	1	1	2	2	4
3391	1	1	2	2	4
3392	1	1	2	2	4
3393	1	1	2	2	4
3394	1	1	2	2	4
3395	1	1	2	2	4
3396	1	1	2	2	4
3397	1	1	2	2	4
3398	1	1	2	2	4
3399	1	1	2	2	4
3400	1	1	2	2	4
3401	1	1	2	2	4
3402	1	1	2	2	4
3403	1	1	2	2	4
3404	1	1	2	2	4
3405	1	1	2	2	4
3406	1	1	2	2	4
3407	1	1	2	2	4
3408	1	1	2	2	4
3409	1	1	2	2	4
3410	1	1	2	2	4
3411	1	1	2	2	4
3412	1	1	2	2	4
3413	1	1	2	2	4
3414	1	1	2	2	4
3415	1	1	2	2	4
3416	1	1	2	2	4
3417	1	1	2	2	4
3418	1	1	2	2	4
3419	1	1	2	2	4
3420	1	1	2	2	4
3421	1	1	2	2	4
3422	1	1	2	2	4
3423	1	1	2	2	4
3424	1	1	2	2	4
3425	1	1	2	2	4
3426	1	1	2	2	4
3427	1	1	2	2	4
3428	1	1	2	2	4
3429	1	1	2	2	4
3430	1	1	2	2	4
3431	1	1	2	2	4
3432	1	1	2	2	4
3433	1	1	2	2	4
3434	1	1	2	2	4
3435	1	1	2	2	4
3436	1	1	2	2	4
3437	1	1	2	2	4
3438	1	1	2	2	4
3439	1	1	2	2	4
3440	1	1	2	2	4
3441	1	1	2	2	4
3442	1	1	2	2	4
3443	1	1	2	2	4
3444	1	1	2	2	4
3445	1	1	2	2	4
3446	1	1	2	2	4
3447	1	1	2	2	4
3448	1	1	2	2	4
3449	1	1	2	2	4
3450	1	1	2	2	4
3451	1	1	2	2	4
3452	1	1	2	2	4
3453	1	1	2	2	4
3454	1	1	2	2	4
3455	1	1	2	2	4
3456	1	1	2	2	4
3457	1	1	2	2	4
3458	1	1	2	2	4
3459	1	1	1	2	4
3460	1	1	1	2	4
3461	1	1	1	2	4
3462	1	1	1	2	4
3463	1	1	1	2	4
3464	1	1	1	2	4
3465	1	1	1	2	4
3466	1	1	1	2	4
3467	1	1	1	2	4
3468	1	1	1	2	4
3469	1	1	1	2	4
3470	1	1	1	2	4
3471	1	1	1	2	4
3472	1	1	1	2	4
3473	1	1	1	2	4
3474	1	1	1	2	4
3475	1	1	1	2	4
3476	1	1	1	2	4
3477	1	1	1	2	4
3478	1	1	1	2	4
3479	1	1	2	2	4
3480	1	1	1	2	4
3481	1	1	1	2	4
3482	1	1	1	2	4
3483	1	1	1	2	4
3484	1	1	1	2	4
3485	1	1	1	2	4
3486	1	1	1	2	4
3487	1	1	1	2	4
3488	1	1	1	2	4
3489	1	1	1	2	4
3490	1	1	1	2	4
3491	1	1	1	2	4
3492	1	1	1	2	4
3493	1	1	1	2	4
3494	1	1	1	2	4
3495	1	1	2	2	4
3496	1	1	2	2	4
3497	1	1	2	2	4
3498	1	1	2	2	4
3499	1	1	2	2	4
3500	1	1	2	2	4
3501	1	1	2	2	4
3502	1	1	2	2	4
3503	1	1	2	2	4
3504	1	1	2	2	4
3505	1	1	2	2	4
3506	1	1	2	2	4
3507	1	1	2	2	4
3508	1	1	2	2	3
3509	1	1	2	2	3
3510	1	1	2	2	3
3511	1	1	2	2	3
3512	1	1	2	2	3
3513	1	1	2	2	3
3514	1	1	2	2	3
3515	1	1	2	2	4
3516	1	1	2	2	4
3517	1	1	2	2	4
3518	1	1	2	2	4
3519	1	1	2	2	4
3520	1	1	2	2	4
3521	1	1	2	2	4
3522	1	1	2	2	4
3523	1	1	2	2	4
3524	1	1	2	2	4
3525	1	1	2	2	4
3526	1	1	2	2	4
3527	1	1	2	2	4
3528	1	1	2	2	4
3529	1	1	2	2	4
3530	1	1	2	2	4
3531	1	1	2	2	4
3532	1	1	2	2	4
3533	1	1	2	2	4
3534	1	1	2	2	4
3535	1	1	2	2	4
3536	1	1	2	2	4
3537	1	1	2	2	4
3538	1	1	2	2	4
3539	1	1	2	2	4
3540	1	1	2	2	4
3541	1	1	2	2	4
3542	1	1	2	2	4
3543	1	1	2	2	4
3544	1	1	2	2	4
3545	1	1	2	2	4
3546	1	1	2	2	4
3547	1	1	2	2	4
3548	1	1	2	2	4
3549	1	1	2	2	4
3550	1	1	2	2	4
3551	1	1	2	2	4
3552	1	1	2	2	4
3553	1	1	2	2	4
3554	1	1	2	2	4
3555	1	1	2	2	4
3556	1	1	2	3	4
3557	1	1	2	3	4
3558	0	1	2	3	4
3559	0	1	2	3	4
3560	0	1	2	2	4
3561	1	1	2	2	4
3562	1	1	2	2	4
3563	1	1	2	2	4
3564	1	1	2	2	4
3565	1	1	2	2	4
3566	1	1	2	2	4
3567	1	1	2	2	4
3568	1	1	2	2	3
3569	1	1	2	2	3
3570	1	1	2	2	3
3571	1	1	2	2	3
3572	1	1	2	2	3
3573	1	1	2	2	3
3574	1	1	2	2	4
3575	1	1	2	2	4
3576	1	1	2	2	4
3577	1	1	2	2	4
3578	1	1	2	2	4
3579	1	1	2	2	4
3580	1	1	2	2	4
3581	1	1	2	2	4
3582	1	1	2	2	4
3583	1	1	2	2	4
3584	1	1	2	3	4
3585	1	1	2	3	4
3586	1	1	2	3	4
3587	1	1	2	3	4
3588	1	1	2	3	4
3589	1	1	2	3	4
3590	1	1	2	3	4
3591	1	1	2	3	4
3592	1	1	2	3	4
3593	1	1	2	3	4
3594	1	1	2	3	4
3595	1	1	2	3	4
3596	1	1	2	2	4
3597	1	1	2	3	4
3598	1	1	2	3	4
3599	1	1	2	3	4
3600	1	1	2	3	4
3601	1	1	2	2	4
3602	1	1	2	2	4
3603	1	1	2	2	4
3604	1	1	2	3	4
3605	1	1	2	3	4
3606	1	1	2	3	4
3607	1	1	2	3	4
3608	1	1	2	3	4
3609	1	1	2	2	4
3610	1	1	2	3	4
3611	1	1	2	3	4
3612	1	1	2	3	4
3613	1	1	2	3	4
3614	1	1	2	3	4
3615	1	1	2	2	4
3616	1	1	2	2	4
3617	1	1	2	3	4
3618	1	1	2	2	4
3619	1	1	2	2	4
3620	1	1	2	2	4
3621	1	1	2	2	4
3622	1	1	2	2	4
3623	1	1	2	2	4
3624	1	1	2	2	4
3625	1	1	2	2	4
3626	1	1	2	2	4
3627	1	1	2	2	4
3628	1	1	2	2	4
3629	1	1	2	2	4
3630	1	1	2	2	4
3631	1	1	2	2	4
3632	1	1	2	2	4
3633	1	1	2	2	4
3634	1	1	2	2	4
3635	1	1	2	2	4
3636	1	1	2	2	4
3637	1	1	2	2	4
3638	1	1	2	2	4
3639	1	1	2	2	4
3640	1	1	2	2	4
3641	1	1	2	2	4
3642	1	1	2	2	4
3643	1	1	2	2	4
3644	1	1	2	2	4
3645	0	1	2	2	4
3646	0	1	2	2	4
3647	0	1	2	2	4
3648	1	1	2	2	4
3649	1	1	2	2	4
3650	1	1	2	2	4
3651	0	1	2	2	4
3652	0	1	2	2	4
3653	1	1	2	2	4
3654	0	1	2	2	4
3655	0	1	2	2	4
3656	0	1	2	2	4
3657	0	1	2	2	4
3658	0	1	2	2	4
3659	0	1	2	2	4
3660	0	1	2	2	4
3661	0	1	2	2	4
3662	0	1	2	2	4
3663	0	1	2	2	4
3664	0	1	2	2	4
3665	0	1	2	2	4
3666	0	1	2	2	4
3667	0	1	2	2	4
3668	0	1	2	2	4
3669	0	1	2	2	4
3670	0	1	2	2	4
3671	0	1	2	2	4
3672	0	1	2	2	4
3673	0	1	2	2	4
3674	0	1	2	2	4
3675	0	1	2	2	4
3676	0	1	2	2	4
3677	0	1	2	2	4
3678	0	1	2	2	4
3679	0	1	2	2	3
3680	0	1	2	2	4
3681	0	1	2	2	4
3682	0	1	2	2	4
3683	0	1	2	2	4
3684	0	1	2	2	4
3685	0	1	2	2	4
3686	0	1	2	2	4
3687	0	1	2	2	4
3688	0	1	2	2	4
3689	0	1	2	2	4
3690	0	1	2	2	4
3691	0	1	2	2	4
3692	0	1	2	3	4
3693	0	1	2	3	3
3694	0	1	2	2	3
3695	0	1	2	2	3
3696	0	1	2	2	3
3697	0	1	2	2	3
3698	0	1	2	2	3
3699	0	1	2	2	3
3700	0	1	2	2	3
3701	0	1	2	2	3
3702	0	1	2	2	4
3703	0	1	2	2	4
3704	0	1	2	2	4
3705	0	1	2	2	4
3706	0	1	2	2	4
3707	0	1	2	2	3
3708	0	1	2	3	3
3709	0	1	2	3	3
3710	0	1	2	2	4
3711	0	1	2	2	4
3712	0	1	2	2	4
3713	0	1	2	2	4
3714	0	1	2	2	4
3715	0	1	2	2	3
3716	0	1	2	2	3
3717	0	1	2	2	3
3718	0	1	2	2	3
3719	0	1	2	2	3
3720	0	1	2	2	3
3721	0	1	2	2	3
3722	0	1	2	2	3
3723	0	1	2	2	3
3724	0	1	2	2	3
3725	0	1	2	2	3
3726	0	1	2	2	3
3727	0	1	2	2	3
3728	1	1	2	2	3
3729	1	1	2	2	3
3730	1	1	2	2	3
3731	1	1	2	2	3
3732	1	1	2	2	3
3733	1	1	1	2	3
3734	1	1	1	2	3
3735	1	1	1	2	3
3736	1	1	1	2	3
3737	1	1	1	2	3
3738	1	1	1	2	3
3739	1	1	1	2	3
3740	1	1	1	2	3
3741	1	1	1	2	3
3742	1	1	1	2	3
3743	1	1	1	2	3
3744	1	1	1	2	3
3745	1	1	1	2	3
3746	1	1	1	2	3
3747	1	1	1	2	4
3748	1	1	1	2	4
3749	1	1	1	2	4
3750	1	1	2	2	4
3751	0	1	2	2	4
3752	0	1	2	2	3
3753	0	1	2	2	3
3754	0	1	2	2	3
3755	0	1	2	2	3
3756	1	1	2	2	3
3757	1	1	2	2	3
3758	1	1	2	2	3
3759	1	1	1	2	3
3760	1	1	1	2	3
3761	1	1	1	2	3
3762	1	1	1	2	3
3763	1	1	1	2	3
3764	1	1	2	2	3
3765	1	1	2	2	3
3766	1	1	2	2	3
3767	1	1	2	2	3
3768	1	1	2	2	3
3769	1	1	1	2	3
3770	1	1	1	2	3
3771	1	1	1	2	3
3772	1	1	1	2	3
3773	1	1	1	2	3
3774	1	1	1	2	3
3775	1	1	1	2	3
3776	1	1	1	2	3
3777	1	1	2	2	3
3778	1	1	2	2	3
3779	1	1	2	2	3
3780	0	1	2	2	3
3781	0	1	2	2	3
3782	0	1	2	2	3
3783	0	1	2	2	4
3784	0	1	2	2	4
3785	0	1	2	2	4
3786	0	1	2	2	4
3787	0	1	1	2	4
3788	0	1	1	2	4
3789	0	1	1	2	4
3790	0	1	1	2	4
3791	0	1	1	2	4
3792	0	1	1	2	4
3793	0	1	1	2	4
3794	0	1	1	2	4
3795	0	1	1	2	4
3796	0	1	1	2	4
3797	0	1	1	2	4
3798	0	1	1	2	4
3799	0	1	1	2	4
3800	0	1	1	2	4
3801	0	1	1	2	4
3802	0	1	1	2	4
3803	0	1	1	2	4
3804	0	1	1	2	4
3805	0	1	1	2	4
3806	0	1	1	2	4
3807	0	1	1	2	4
3808	0	1	1	2	4
3809	0	1	1	2	4
3810	0	1	1	2	4
3811	0	1	1	2	4
3812	0	1	1	2	4
3813	0	1	1	2	4
3814	0	1	1	2	4
3815	0	1	1	2	4
3816	0	1	1	2	4
3817	0	1	1	2	4
3818	0	1	1	2	4
3819	0	1	1	2	4
3820	0	1	1	2	4
3821	0	1	1	2	4
3822	0	1	1	2	4
3823	0	1	1	2	4
3824	0	1	1	2	4
3825	0	1	1	2	4
3826	0	1	1	2	4
3827	0	1	1	2	4
3828	0	1	1	2	4
3829	0	1	1	2	4
3830	0	1	1	2	4
3831	0	1	1	2	4
3832	0	1	1	2	4
3833	0	1	1	2	4
3834	0	1	1	2	4
3835	0	1	1	2	4
3836	0	1	1	2	4
3837	0	1	1	2	4
3838	0	1	1	2	4
3839	0	1	1	2	4
3840	0	1	1	2	4
3841	0	1	1	2	4
3842	0	1	1	2	4
3843	0	1	1	2	4
3844	0	1	1	2	4
3845	0	1	1	2	4
3846	0	1	1	2	3
3847	0	1	1	2	3
3848	0	1	1	2	3
3849	0	1	1	2	3
3850	0	1	1	2	3
3851	0	1	1	2	3
3852	0	1	1	2	3
3853	0	1	1	2	3
3854	1	1	1	2	3
3855	1	1	1	2	3
3856	1	1	1	2	3
3857	1	1	1	2	3
3858	0	1	1	2	3
3859	1	1	1	2	3
3860	1	1	1	2	3
3861	1	1	1	2	4
3862	1	1	1	2	4
3863	1	1	1	2	4
3864	1	1	1	2	4
3865	0	1	1	2	4
3866	0	1	1	2	4
3867	0	1	1	2	4
3868	0	1	1	2	4
3869	0	1	1	2	4
3870	0	1	1	2	4
3871	0	1	1	2	4
3872	1	1	1	2	3
3873	1	1	1	2	3
3874	1	1	1	2	3
3875	1	1	1	2	3
3876	0	1	1	2	3
3877	1	1	1	2	3
3878	1	1	1	2	3
3879	1	1	1	2	3
3880	1	1	1	2	3
3881	1	1	1	2	3
3882	0	1	1	2	3
3883	0	1	1	2	3
3884	0	1	1	2	3
3885	0	1	1	2	3
3886	0	1	1	2	3
3887	0	1	1	2	3
3888	0	1	1	2	3
3889	0	1	1	2	3
3890	0	1	1	2	3
3891	0	1	1	2	3
3892	0	1	1	2	3
3893	0	1	1	2	3
3894	0	1	1	2	3
3895	0	1	1	2	3
3896	0	1	1	2	3
3897	0	1	1	2	3
3898	0	1	1	2	3
3899	0	1	1	2	3
3900	0	1	1	2	3
3901	0	1	1	2	3
3902	0	1	1	2	3
3903	0	1	1	2	3
3904	0	1	1	2	3
3905	0	1	1	2	3
3906	0	1	1	2	3
3907	0	1	1	2	3
3908	0	1	1	2	3
3909	0	1	1	2	3
3910	0	1	1	2	3
3911	0	1	1	2	3
3912	0	1	1	2	3
3913	0	1	1	2	3
3914	0	1	1	2	3
3915	0	1	1	2	3
3916	0	1	1	2	3
3917	0	1	1	2	3
3918	0	1	1	2	3
3919	0	1	1	2	3
3920	0	1	1	2	3
3921	0	1	1	2	3
3922	0	1	1	2	3
3923	0	1	1	2	3
3924	0	1	1	2	4
3925	0	1	1	2	4
3926	0	1	1	2	4
3927	0	1	1	2	3
3928	0	1	1	2	3
3929	0	1	1	2	4
3930	0	1	1	2	4
3931	0	1	1	2	3
3932	0	1	1	2	3
3933	0	1	1	2	3
3934	0	1	1	2	3
3935	0	1	1	2	3
3936	0	1	1	2	3
3937	0	1	1	2	3
3938	0	1	1	2	4
3939	0	1	1	2	4
3940	0	1	1	2	3
3941	0	1	1	2	3
3942	0	1	1	2	3
3943	0	1	1	2	3
3944	0	1	1	2	3
3945	0	1	1	2	3
3946	0	1	1	2	3
3947	0	1	1	2	3
3948	0	1	1	2	3
3949	0	1	1	2	3
3950	0	1	1	2	3
3951	0	1	1	2	3
3952	0	1	1	2	3
3953	0	1	1	2	3
3954	0	1	1	2	4
3955	0	1	1	2	4
3956	0	1	1	2	3
3957	0	1	1	2	3
3958	0	1	1	2	3
3959	0	1	1	2	3
3960	0	1	1	2	3
3961	0	1	1	2	3
3962	0	1	1	2	3
3963	0	1	1	2	3
3964	0	1	1	2	3
3965	0	1	1	2	3
3966	0	1	1	2	3
3967	0	1	1	2	3
3968	0	1	1	2	3
3969	0	1	1	2	3
3970	0	1	1	2	3
3971	0	1	1	2	3
3972	0	1	1	2	3
3973	0	1	1	2	3
3974	0	1	1	2	3
3975	0	1	1	2	3
3976	0	1	1	2	3
3977	0	1	1	2	3
3978	0	1	1	2	3
3979	0	1	1	2	3
3980	0	1	1	2	3
3981	0	1	1	2	3
3982	0	1	1	2	3
3983	0	1	1	2	3
3984	0	1	1	2	3
3985	0	1	1	2	3
3986	0	1	1	2	3
3987	0	1	1	2	3
3988	0	1	1	2	3
3989	0	1	1	2	3
3990	0	1	1	2	3
3991	0	1	1	2	3
3992	0	1	1	2	3
3993	0	1	1	2	3
3994	0	1	1	2	3
3995	0	1	1	2	3
3996	0	1	1	2	3
3997	0	1	1	2	3
3998	0	1	1	2	3
3999	0	1	1	2	4
4000	0	1	1	2	4
4001	0	1	1	2	4
4002	0	1	1	2	3
4003	0	1	1	2	3
4004	0	1	1	2	3
4005	0	1	1	2	3
4006	0	1	1	2	3
4007	0	1	1	2	3
4008	0	1	1	2	3
4009	0	1	1	2	3
4010	0	1	1	2	3
4011	0	1	1	2	3
4012	0	1	1	2	3
4013	0	1	1	2	3
4014	0	1	1	2	3
4015	0	1	1	2	3
4016	0	1	1	2	3
4017	0	1	1	2	3
4018	0	1	1	2	3
4019	0	1	1	2	3
4020	0	1	1	2	3
4021	0	1	1	2	3
4022	0	1	1	2	3
4023	0	1	1	2	3
4024	0	1	1	2	3
4025	0	1	1	2	3
4026	0	1	1	2	3
4027	0	1	1	2	3
4028	0	1	1	2	3
4029	0	1	1	2	3
4030	0	1	1	2	3
4031	0	1	1	2	3
4032	0	1	1	2	3
4033	0	1	1	2	3
4034	0	1	1	2	3
4035	0	1	1	2	3
4036	0	1	1	2	3
4037	0	1	1	2	3
4038	0	1	1	2	3
4039	0	1	1	2	4
4040	0	1	1	2	4
4041	0	1	1	2	4
4042	0	1	1	2	4
4043	0	1	1	2	4
4044	0	1	1	2	3
4045	0	1	1	2	3
4046	0	1	1	2	3
4047	0	1	1	2	3
4048	0	1	1	2	3
4049	0	1	1	2	3
4050	0	1	1	2	3
4051	0	1	1	2	4
4052	0	1	1	2	4
4053	0	1	1	2	3
4054	0	1	1	2	3
4055	0	1	1	2	3
4056	0	1	1	2	3
4057	0	1	1	2	3
4058	0	1	1	2	3
4059	0	1	1	2	3
4060	0	1	1	2	3
4061	0	1	1	2	3
4062	0	1	1	2	3
4063	0	1	1	2	3
4064	0	1	1	2	3
4065	0	1	1	2	3
4066	0	1	1	2	3
4067	0	1	1	2	3
4068	0	1	1	2	3
4069	0	1	1	2	4
4070	0	1	1	2	4
4071	0	1	1	2	4
4072	0	1	1	2	4
4073	0	1	1	2	4
4074	0	1	1	2	4
4075	0	1	1	2	4
4076	0	1	1	2	4
4077	0	1	1	2	4
4078	0	1	1	2	4
4079	0	1	1	2	4
4080	0	1	1	2	4
4081	0	1	1	2	4
4082	0	1	1	2	4
4083	0	1	1	2	4
4084	0	1	1	2	4
4085	0	1	1	2	4
4086	0	1	1	2	4
4087	0	1	1	2	4
4088	0	1	1	2	4
4089	0	1	1	2	4
4090	0	1	1	2	4
4091	0	1	1	2	4
4092	0	1	1	2	4
4093	0	1	1	2	4
4094	0	1	1	2	4
4095	0	1	1	2	4
4096	0	1	1	2	4
4097	0	1	1	2	4
4098	0	1	1	2	4
4099	0	1	1	2	4
4100	0	1	1	2	4
4101	0	1	1	2	4
4102	0	1	1	2	4
4103	0	1	1	2	4
4104	0	1	1	2	4
4105	0	1	1	2	4
4106	0	1	1	2	4
4107	0	1	1	2	3
4108	0	1	1	2	3
4109	0	1	1	2	4
4110	0	1	1	2	4
4111	0	1	1	2	4
4112	0	1	1	2	4
4113	0	1	1	2	4
4114	0	1	1	2	4
4115	0	1	1	2	4
4116	0	1	1	2	4
4117	0	1	1	2	4
4118	0	1	1	2	3
4119	0	1	1	2	3
4120	0	1	1	2	4
4121	0	1	1	2	3
4122	0	1	1	2	3
4123	0	1	1	2	3
4124	0	1	1	2	3
4125	0	1	1	2	3
4126	0	1	1	2	3
4127	0	1	1	2	3
4128	0	1	1	2	3
4129	0	1	1	2	3
4130	0	1	1	2	3
4131	0	1	1	2	3
4132	0	1	1	2	3
4133	0	1	1	2	3
4134	0	1	1	2	3
4135	0	1	1	2	3
4136	0	1	1	2	3
4137	0	1	1	2	3
4138	0	1	1	2	3
4139	0	1	1	2	3
4140	0	1	1	2	3
4141	0	1	1	2	3
4142	0	1	1	2	3
4143	0	1	1	2	3
4144	0	1	1	2	3
4145	0	1	1	2	3
4146	0	1	1	2	3
4147	0	1	1	2	3
4148	0	1	1	2	3
4149	0	1	1	2	3
4150	0	1	1	2	3
4151	0	1	1	2	3
4152	0	1	1	2	3
4153	0	1	1	2	3
4154	0	1	1	2	3
4155	0	1	1	2	3
4156	0	1	1	2	3
4157	0	1	1	2	3
4158	0	1	1	2	3
4159	0	1	1	2	3
4160	0	1	1	2	3
4161	0	1	1	2	3
4162	0	1	1	2	3
4163	0	1	1	2	3
4164	0	1	1	2	3
4165	0	1	1	2	3
4166	0	1	1	2	3
4167	0	1	1	2	3
4168	0	1	1	2	3
4169	0	1	1	2	3
4170	0	1	1	2	3
4171	0	1	1	2	3
4172	0	1	1	2	3
4173	0	1	1	2	3
4174	0	1	1	2	3
4175	0	1	1	2	3
4176	0	1	1	2	3
4177	0	1	1	2	3
4178	0	1	1	2	3
4179	0	1	1	2	3
4180	0	1	1	2	3
4181	0	1	1	2	3
4182	0	1	1	2	3
4183	0	1	1	2	3
4184	0	1	1	2	3
4185	0	1	1	2	3
4186	0	1	1	2	3
4187	0	1	1	2	3
4188	0	1	1	2	3
4189	0	1	1	2	3
4190	0	1	1	2	3
4191	0	1	1	2	3
4192	0	1	1	2	3
4193	0	1	1	2	3
4194	0	1	1	2	3
4195	0	1	1	2	3
4196	0	1	1	2	3
4197	0	1	1	2	3
4198	0	1	1	2	3
4199	0	1	1	2	3
4200	0	1	1	2	3
4201	0	1	1	2	3
4202	0	1	1	2	3
4203	0	1	1	2	3
4204	0	1	1	2	3
4205	0	1	1	2	3
4206	0	1	1	2	3
4207	0	1	1	2	3
4208	0	1	1	2	3
4209	0	1	1	2	3
4210	0	1	1	2	3
4211	0	1	1	2	3
4212	0	1	1	2	3
4213	0	1	1	2	3
4214	0	1	1	2	3
4215	0	1	1	2	3
4216	0	1	1	2	3
4217	0	1	1	2	3
4218	0	1	1	2	3
4219	0	1	1	2	3
4220	0	1	1	2	3
4221	0	1	1	1	3
4222	0	1	1	1	3
4223	0	1	1	1	3
4224	0	1	1	1	3
4225	0	1	1	1	3
4226	0	1	1	1	3
4227	0	1	1	1	3
4228	0	1	1	1	3
4229	0	1	1	1	3
4230	0	1	1	1	3
4231	0	1	1	1	3
4232	0	1	1	1	3
4233	0	1	1	1	3
4234	0	1	1	2	3
4235	0	1	1	1	3
4236	0	1	1	2	3
4237	0	1	1	2	3
4238	0	1	1	2	3
4239	0	1	1	2	3
4240	0	1	1	2	3
4241	0	1	1	2	3
4242	0	1	1	2	3
4243	0	1	1	2	3
4244	0	1	1	2	3
4245	0	1	1	2	3
4246	0	1	1	2	3
4247	0	1	1	2	3
4248	0	1	1	2	3
4249	0	1	1	2	3
4250	0	1	1	2	3
4251	0	1	1	2	3
4252	0	1	1	2	3
4253	0	1	1	2	3
4254	0	1	1	2	3
4255	0	1	1	2	3
4256	0	1	1	2	3
4257	0	1	1	2	3
4258	0	1	1	2	3
4259	0	1	1	2	3
4260	0	1	1	2	3
4261	0	1	1	2	3
4262	0	1	1	2	3
4263	0	1	1	2	3
4264	0	1	1	2	3
4265	0	1	1	2	3
4266	0	1	1	2	3
4267	0	1	1	2	3
4268	0	1	1	2	3
4269	0	1	1	2	3
4270	0	1	1	2	3
4271	0	1	1	2	3
4272	0	1	1	2	3
4273	0	1	1	2	3
4274	0	1	1	2	3
4275	0	1	1	2	3
4276	0	1	1	2	3
4277	0	1	1	2	3
4278	0	1	1	2	3
4279	0	1	1	2	3
4280	0	1	1	2	3
4281	0	1	1	2	3
4282	0	1	1	2	3
4283	0	1	1	2	3
4284	0	1	1	2	3
4285	0	1	1	2	3
4286	0	1	1	2	3
4287	0	1	1	2	3
4288	0	1	1	2	3
4289	0	1	1	2	3
4290	0	1	1	2	3
4291	0	1	1	2	3
4292	0	1	1	2	3
4293	0	1	1	2	3
4294	0	1	1	2	3
4295	0	1	1	2	3
4296	0	1	1	2	3
4297	0	1	1	2	3
4298	0	1	1	2	3
4299	0	1	1	2	3
4300	0	1	1	2	3
4301	0	1	1	2	3
4302	0	1	1	2	3
4303	0	1	1	2	3
4304	0	1	1	2	3
4305	0	1	1	2	3
4306	0	1	1	2	3
4307	0	1	1	2	3
4308	0	1	1	2	3
4309	0	1	1	2	3
4310	0	1	1	2	3
4311	0	1	1	2	3
4312	0	1	1	2	3
4313	0	1	1	2	3
4314	0	1	1	2	3
4315	0	1	1	2	3
4316	0	1	1	2	3
4317	0	1	1	2	3
4318	0	1	1	2	3
4319	0	1	1	2	3
4320	0	1	1	2	3
4321	0	1	1	2	3
4322	0	1	1	2	3
4323	0	1	1	2	3
4324	0	1	1	2	3
4325	0	1	1	2	3
4326	0	1	1	2	3
4327	0	1	1	2	3
4328	0	1	1	2	3
4329	0	1	1	2	3
4330	0	1	1	2	3
4331	0	1	1	2	3
4332	0	1	1	2	3
4333	0	1	1	2	3
4334	0	1	1	2	3
4335	0	1	1	2	3
4336	0	1	1	2	3
4337	0	1	1	2	3
4338	0	1	1	2	3
4339	0	1	1	2	3
4340	0	1	1	2	3
4341	0	1	1	2	3
4342	0	1	1	2	3
4343	0	1	1	2	3
4344	0	1	1	2	3
4345	0	1	1	2	3
4346	0	1	1	2	3
4347	0	1	1	2	3
4348	0	1	1	2	3
4349	0	1	1	2	3
4350	0	1	1	2	3
4351	0	1	1	2	3
4352	0	1	1	2	3
4353	0	1	1	2	3
4354	0	1	1	2	3
4355	0	1	1	2	3
4356	0	1	1	2	3
4357	0	1	1	2	3
4358	0	1	1	2	3
4359	0	1	1	2	3
4360	0	1	1	2	3
4361	0	1	1	2	3
4362	0	1	1	2	3
4363	0	1	1	2	3
4364	0	1	1	2	3
4365	0	1	1	2	3
4366	0	1	1	2	3
4367	0	1	1	2	3
4368	0	1	1	2	3
4369	0	1	1	2	3
4370	0	1	1	2	3
4371	0	1	1	2	3
4372	0	1	1	2	3
4373	0	1	1	2	3
4374	0	1	1	2	3
4375	0	1	1	2	3
4376	0	1	1	2	3
4377	0	1	1	2	3
4378	0	1	1	2	3
4379	0	1	1	2	3
4380	0	1	1	2	3
4381	0	1	1	2	3
4382	0	1	1	2	3
4383	0	1	1	2	3
4384	0	1	1	2	3
4385	0	1	1	2	3
4386	0	1	1	2	3
4387	0	1	1	2	3
4388	0	1	1	2	3
4389	0	1	1	2	3
4390	0	1	1	2	3
4391	0	1	1	2	3
4392	0	1	1	2	3
4393	0	1	1	2	3
4394	0	1	1	2	3
4395	0	1	1	2	3
4396	0	1	1	2	3
4397	0	1	1	2	3
4398	0	1	1	2	3
4399	0	1	1	2	3
4400	0	1	1	2	3
4401	0	1	1	2	3
4402	0	1	1	2	3
4403	0	1	1	2	3
4404	0	1	1	2	3
4405	0	1	1	2	3
4406	0	1	1	2	3
4407	0	1	1	2	3
4408	0	1	1	2	3
4409	0	1	1	2	3
4410	0	1	1	2	3
4411	0	1	1	2	3
4412	0	1	1	2	3
4413	0	1	1	2	3
4414	0	1	1	2	3
4415	0	1	1	2	3
4416	0	1	1	2	3
4417	0	1	1	2	3
4418	0	1	1	2	3
4419	0	1	1	2	3
4420	0	1	1	2	3
4421	0	1	1	2	3
4422	0	1	1	2	3
4423	0	1	1	2	3
4424	0	1	1	2	3
4425	0	1	1	2	3
4426	0	1	1	2	3
4427	0	1	1	2	3
4428	0	1	1	2	3
4429	0	1	1	2	3
4430	0	1	1	2	3
4431	0	1	1	2	3
4432	0	1	1	2	3
4433	0	1	1	2	3
4434	0	1	1	2	3
4435	0	1	1	2	3
4436	0	1	1	2	3
4437	0	1	1	2	3
4438	0	1	1	2	3
4439	0	1	1	2	3
4440	0	1	1	2	3
4441	0	1	1	2	3
4442	0	1	1	2	3
4443	0	1	1	2	3
4444	0	1	1	2	3
4445	0	1	1	2	3
4446	0	1	1	2	3
4447	0	1	1	2	3
4448	0	1	1	2	3
4449	0	1	1	2	3
4450	0	1	1	2	3
4451	0	1	1	2	3
4452	0	1	1	2	3
4453	0	1	1	2	3
4454	0	1	1	2	3
4455	0	1	1	2	3
4456	0	1	1	2	3
4457	0	1	1	2	3
4458	0	1	1	2	3
4459	0	1	1	2	3
4460	0	1	1	2	3
4461	0	1	1	2	3
4462	0	1	1	2	3
4463	0	1	1	2	3
4464	0	1	1	2	3
4465	0	1	1	2	3
4466	0	1	1	2	3
4467	0	1	1	2	3
4468	0	1	1	2	3
4469	0	1	1	2	3
4470	0	1	1	2	3
4471	0	1	1	2	3
4472	0	1	1	2	3
4473	0	1	1	2	3
4474	0	1	1	2	3
4475	0	1	1	2	3
4476	0	1	1	2	3
4477	0	1	1	2	3
4478	0	1	1	2	3
4479	0	1	1	2	3
4480	0	1	1	2	3
4481	0	1	1	2	3
4482	0	1	1	2	3
4483	0	1	1	2	3
4484	0	1	1	2	3
4485	0	1	1	2	3
4486	0	1	1	2	3
4487	0	1	1	2	3
4488	0	1	1	2	3
4489	0	1	1	2	3
4490	0	1	1	2	3
4491	0	1	1	2	3
4492	0	1	1	2	3
4493	0	1	1	2	3
4494	0	1	1	2	3
4495	0	1	1	2	3
4496	0	1	1	2	3
4497	0	1	1	2	3
4498	0	1	1	2	3
4499	0	1	1	2	3
4500	0	1	1	2	3
4501	0	1	1	2	3
4502	0	1	1	2	3
4503	0	1	1	2	3
4504	0	1	1	2	3
4505	0	1	1	2	3
4506	0	1	1	2	3
4507	0	1	1	2	3
4508	0	1	1	2	3
4509	0	1	1	2	3
4510	0	1	1	2	3
4511	0	1	1	2	3
4512	0	1	1	2	3
4513	0	1	1	2	3
4514	0	1	1	2	3
4515	0	1	1	2	3
4516	0	1	1	2	3
4517	0	1	1	2	3
4518	0	1	1	2	3
4519	0	1	1	2	3
4520	0	1	1	2	3
4521	0	1	1	2	3
4522	0	1	1	2	3
4523	0	1	1	2	3
4524	0	1	1	2	3
4525	0	1	1	2	3
4526	0	1	1	2	3
4527	0	1	1	2	3
4528	0	1	1	2	3
4529	0	1	1	2	3
4530	0	1	1	2	3
4531	0	1	1	2	3
4532	0	1	1	2	3
4533	0	1	1	2	3
4534	0	1	1	2	3
4535	0	1	1	2	3
4536	0	1	1	2	3
4537	0	1	1	2	3
4538	0	1	1	2	3
4539	0	1	1	2	3
4540	0	1	1	2	3
4541	0	1	1	2	3
4542	0	1	1	2	3
4543	0	1	1	2	3
4544	0	1	1	2	3
4545	0	1	1	2	3
4546	0	1	1	2	3
4547	0	1	1	2	3
4548	0	1	1	2	3
4549	0	1	1	2	3
4550	0	1	1	2	3
4551	0	1	1	2	3
4552	0	1	1	2	3
4553	0	1	1	2	3
4554	0	1	1	2	3
4555	0	1	1	2	3
4556	0	1	1	2	3
4557	0	1	1	2	3
4558	0	1	1	2	3
4559	0	1	1	2	3
4560	0	1	1	2	3
4561	0	1	1	2	3
4562	0	1	1	2	3
4563	0	1	1	2	3
4564	0	1	1	2	3
4565	0	1	1	2	3
4566	0	1	1	2	3
4567	0	1	1	2	3
4568	0	1	1	2	3
4569	0	1	1	2	3
4570	0	1	1	2	3
4571	0	1	1	2	3
4572	0	1	1	2	3
4573	0	1	1	2	3
4574	0	1	1	2	3
4575	0	1	1	2	3
4576	0	1	1	2	3
4577	0	1	1	2	3
4578	0	1	1	2	3
4579	0	1	1	2	3
4580	0	1	1	2	3
4581	0	1	1	2	3
4582	0	1	1	2	3
4583	0	1	1	2	3
4584	0	1	1	2	3
4585	0	1	1	2	3
4586	0	1	1	2	3
4587	0	1	1	2	3
4588	0	1	1	2	3
4589	0	1	1	2	3
4590	0	1	1	2	3
4591	0	1	1	2	3
4592	0	1	1	2	3
4593	0	1	1	2	3
4594	0	1	1	2	3
4595	0	1	1	2	3
4596	0	1	1	2	3
4597	0	1	1	2	3
4598	0	1	1	2	3
4599	0	1	1	2	3
4600	0	1	1	2	3
4601	0	1	1	2	3
4602	0	1	1	2	3
4603	0	1	1	2	3
4604	0	1	1	2	3
4605	0	1	1	2	3
4606	0	1	1	2	3
4607	0	1	1	2	3
4608	0	1	1	2	3
4609	0	1	1	2	3
4610	0	1	1	2	3
4611	0	1	1	2	3
4612	0	1	1	2	3
4613	0	1	1	2	3
4614	0	1	1	2	3
4615	0	1	1	2	3
4616	0	1	1	2	3
4617	0	1	1	2	3
4618	0	1	1	2	3
4619	0	1	1	2	3
4620	0	1	1	2	3
4621	0	1	1	2	3
4622	0	1	1	2	3
4623	0	1	1	2	3
4624	0	1	1	2	3
4625	0	1	1	2	3
4626	0	1	1	2	3
4627	0	1	1	2	3
4628	0	1	1	2	3
4629	0	1	1	2	3
4630	0	1	1	2	3
4631	0	1	1	2	3
4632	0	1	1	2	3
4633	0	1	1	2	3
4634	0	1	1	2	3
4635	0	1	1	2	3
4636	0	1	1	2	3
4637	0	1	1	2	3
4638	0	1	1	2	3
4639	0	1	1	2	3
4640	0	1	1	2	3
4641	0	1	1	2	3
4642	0	1	1	2	3
4643	0	1	1	2	3
4644	0	1	1	2	3
4645	0	1	1	2	3
4646	0	1	1	2	3
4647	0	1	1	2	3
4648	0	1	1	2	3
4649	0	1	1	2	3
4650	0	1	1	2	3
4651	0	1	1	2	3
4652	0	1	1	2	3
4653	0	1	1	2	3
4654	0	1	1	2	3
4655	0	1	1	2	3
4656	0	1	1	2	3
4657	0	1	1	2	3
4658	0	1	1	2	3
4659	0	1	1	2	3
4660	0	1	1	2	3
4661	0	1	1	2	2
4662	0	1	1	2	2
4663	0	1	1	2	2
4664	0	1	1	2	2
4665	0	1	1	2	2
4666	0	1	1	2	2
4667	0	1	1	2	2
4668	0	1	1	2	2
4669	0	1	1	2	2
4670	0	1	1	2	2
4671	0	1	1	2	2
4672	0	1	1	2	2
4673	0	1	1	2	2
4674	0	1	1	2	2
4675	0	1	1	2	2
4676	0	1	1	2	2
4677	0	1	1	2	2
4678	0	1	1	2	2
4679	0	1	1	2	2
4680	0	1	1	2	2
4681	0	1	1	2	2
4682	0	1	1	2	2
4683	0	1	1	2	2
4684	0	1	1	2	2
4685	0	1	1	2	2
4686	0	1	1	2	2
4687	0	1	1	2	2
4688	0	1	1	2	2
4689	0	1	1	2	2
4690	0	1	1	2	2
4691	0	1	1	2	2
4692	0	1	1	2	2
4693	0	1	1	2	2
4694	0	1	1	2	2
4695	0	1	1	2	2
4696	0	1	1	2	2
4697	0	1	1	2	3
4698	0	1	1	2	3
4699	0	1	1	2	3
4700	0	1	1	2	2
4701	0	1	1	2	2
4702	0	1	1	2	3
4703	0	1	1	2	3
4704	0	1	1	2	3
4705	0	1	1	2	3
4706	0	1	1	2	3
4707	0	1	1	2	3
4708	0	1	1	2	3
4709	0	1	1	2	3
4710	0	1	1	2	3
4711	0	1	1	2	3
4712	0	1	1	2	3
4713	0	1	1	2	3
4714	0	1	1	2	3
4715	0	1	1	2	2
4716	0	1	1	2	3
4717	0	1	1	2	2
4718	0	1	1	2	2
4719	0	1	1	2	2
4720	0	1	1	2	2
4721	0	1	1	2	2
4722	0	1	1	2	2
4723	0	1	1	2	2
4724	0	1	1	2	3
4725	0	1	1	2	3
4726	0	1	1	2	2
4727	0	1	1	2	2
4728	0	1	1	2	2
4729	0	1	1	2	2
4730	0	0	1	2	2
4731	0	0	1	2	2
4732	0	0	1	2	2
4733	0	0	1	2	2
4734	0	0	1	2	2
4735	0	0	1	2	2
4736	0	0	1	2	2
4737	0	0	1	2	2
4738	0	0	1	2	2
4739	0	0	1	2	2
4740	0	0	1	2	2
4741	0	0	1	2	3
4742	0	0	1	2	3
4743	0	0	1	2	3
4744	0	0	1	2	2
4745	0	0	1	2	2
4746	0	0	1	2	3
4747	0	0	1	2	3
4748	0	0	1	2	3
4749	0	0	1	2	3
4750	0	0	1	2	3
4751	0	0	1	2	3
4752	0	0	1	2	3
4753	0	0	1	2	3
4754	0	0	1	2	3
4755	0	0	1	2	3
4756	0	0	1	2	3
4757	0	0	1	2	3
4758	0	0	1	2	3
4759	0	0	1	2	3
4760	0	0	1	2	3
4761	0	0	1	2	3
4762	0	0	1	2	3
4763	0	0	1	2	3
4764	0	0	1	2	3
4765	0	0	1	2	3
4766	0	0	1	2	3
4767	0	0	1	2	3
4768	0	0	1	2	3
4769	0	0	1	2	3
4770	0	0	1	2	3
4771	0	0	1	2	3
4772	0	0	1	2	3
4773	0	0	1	2	3
4774	0	0	1	2	3
4775	0	0	1	2	3
4776	0	0	1	2	3
4777	0	0	1	2	3
4778	0	0	1	2	3
4779	0	0	1	2	3
4780	0	0	1	2	3
4781	0	0	1	2	3
4782	0	0	1	2	3
4783	0	0	1	2	3
4784	0	0	1	2	3
4785	0	0	1	2	3
4786	0	0	1	2	3
4787	0	0	1	2	3
4788	0	0	1	2	3
4789	0	0	1	2	3
4790	0	0	1	2	3
4791	0	0	1	2	3
4792	0	0	1	2	3
4793	0	0	1	2	3
4794	0	0	1	2	3
4795	0	0	1	2	3
4796	0	0	1	2	3
4797	0	0	1	2	3
4798	0	0	1	2	3
4799	0	0	1	2	3
4800	0	0	1	2	3
4801	0	0	1	2	3
4802	0	0	1	2	3
4803	0	0	1	2	3
4804	0	0	1	2	3
4805	0	0	1	2	3
4806	0	0	1	2	3
4807	0	0	1	2	3
4808	0	0	1	2	3
4809	0	0	1	2	3
4810	0	0	1	2	3
4811	0	0	1	2	3
4812	0	0	1	2	3
4813	0	0	1	2	3
4814	0	0	1	2	3
4815	0	0	1	2	3
4816	0	0	1	2	3
4817	0	0	1	2	3
4818	0	0	1	2	3
4819	0	0	1	2	3
4820	0	0	1	2	3
4821	0	0	1	2	2
4822	0	0	1	2	3
4823	0	0	1	2	3
4824	0	0	1	2	3
4825	0	0	1	2	3
4826	0	0	1	2	3
4827	0	0	1	2	3
4828	0	0	1	2	3
4829	0	0	1	2	3
4830	0	0	1	2	3
4831	0	0	1	2	3
4832	0	0	1	2	3
4833	0	0	1	2	3
4834	0	0	1	2	3
4835	0	0	1	2	3
4836	0	0	1	2	3
4837	0	0	1	2	3
4838	0	0	1	2	3
4839	0	0	1	2	3
4840	0	0	1	2	3
4841	0	0	1	2	3
4842	0	0	1	2	3
4843	0	0	1	2	3
4844	0	0	1	2	3
4845	0	0	1	2	3
4846	0	0	1	2	3
4847	0	0	1	2	3
4848	0	0	1	2	3
4849	0	0	1	2	3
4850	0	0	1	2	3
4851	0	0	1	2	3
4852	0	0	1	2	3
4853	0	0	1	2	3
4854	0	0	1	2	3
4855	0	0	1	2	3
4856	0	0	1	2	3
4857	0	0	1	2	3
4858	0	0	1	2	3
4859	0	0	1	2	3
4860	0	0	1	2	3
4861	0	0	1	2	3
4862	0	0	1	2	3
4863	0	0	1	2	3
4864	0	0	1	2	3
4865	0	0	1	2	3
4866	0	0	1	2	3
4867	0	0	1	2	2
4868	0	0	1	2	2
4869	0	0	1	2	2
4870	0	0	1	2	2
4871	0	0	1	2	2
4872	0	0	1	2	2
4873	0	0	1	2	2
4874	0	0	1	2	2
4875	0	0	1	2	2
4876	0	0	1	2	2
4877	0	0	1	2	2
4878	0	0	1	2	2
4879	0	0	1	2	2
4880	0	0	1	2	2
4881	0	0	1	2	2
4882	0	0	1	2	2
4883	0	0	1	2	2
4884	0	0	1	2	2
4885	0	0	1	2	2
4886	0	0	1	2	2
4887	0	0	1	2	2
4888	0	0	1	2	2
4889	0	0	1	1	2
4890	0	0	1	1	2
4891	0	0	1	1	2
4892	0	0	1	2	2
4893	0	0	1	2	2
4894	0	0	1	2	2
4895	0	0	1	2	2
4896	0	0	1	2	2
4897	0	0	1	2	2
4898	0	0	1	2	2
4899	0	0	1	2	2
4900	0	0	1	2	2
4901	0	0	1	2	2
4902	0	0	1	2	2
4903	0	0	1	2	2
4904	0	0	1	1	2
4905	0	0	1	1	2
4906	0	0	1	1	2
4907	0	0	1	1	2
4908	0	0	1	1	2
4909	0	0	1	1	2
4910	0	0	1	1	2
4911	0	0	1	1	2
4912	0	0	1	1	2
4913	0	0	1	1	2
4914	0	0	1	1	2
4915	0	0	1	1	2
4916	0	0	1	1	2
4917	0	0	1	1	2
4918	0	0	1	1	2
4919	0	0	1	1	2
4920	0	0	1	1	2
4921	0	0	1	1	2
4922	0	0	1	1	2
4923	0	0	1	1	2
4924	0	0	1	1	2
4925	0	0	1	1	2
4926	0	0	1	1	2
4927	0	0	1	1	2
4928	0	0	1	1	2
4929	0	0	1	1	2
4930	0	0	1	1	2
4931	0	0	1	1	2
4932	0	0	1	1	2
4933	0	0	1	1	2
4934	0	0	1	1	3
4935	0	0	1	1	3
4936	0	0	1	1	3
4937	0	0	1	1	3
4938	0	0	1	1	3
4939	0	0	1	1	2
4940	0	0	1	1	2
4941	0	0	1	1	2
4942	0	0	1	1	2
4943	0	0	1	1	2
4944	0	0	1	1	2
4945	0	0	1	1	2
4946	0	0	1	1	2
4947	0	0	1	1	2
4948	0	0	1	1	2
4949	0	0	1	1	2
4950	0	0	1	1	2
4951	0	0	1	1	2
4952	0	0	1	1	2
4953	0	0	1	1	2
4954	0	0	1	1	2
4955	0	0	1	1	2
4956	0	0	1	1	2
4957	0	0	1	1	2
4958	0	0	1	1	2
4959	0	0	1	1	2
4960	0	0	1	1	2
4961	0	0	1	1	2
4962	0	0	1	1	2
4963	0	0	1	1	2
4964	0	0	1	1	2
4965	0	0	1	1	2
4966	0	0	1	1	2
4967	0	0	1	1	2
4968	0	0	1	1	2
4969	0	0	1	1	2
4970	0	0	1	1	2
4971	0	0	1	1	2
4972	0	0	1	1	2
4973	0	0	1	1	2
4974	0	0	1	1	2
4975	0	0	1	1	2
4976	0	0	1	1	2
4977	0	0	1	1	2
4978	0	0	1	1	2
4979	0	0	1	1	2
4980	0	0	1	1	2
4981	0	0	1	1	2
4982	0	0	1	1	2
4983	0	0	1	1	2
4984	0	0	1	1	2
4985	0	0	1	1	2
4986	0	0	1	1	2
4987	0	0	1	1	2
4988	0	0	1	1	2
4989	0	0	1	1	2
4990	0	0	1	1	2
4991	0	0	1	1	2
4992	0	0	1	1	2
4993	0	0	1	1	2
4994	0	0	1	1	2
4995	0	0	1	1	2
4996	0	0	1	1	2
4997	0	0	1	1	2
4998	0	0	1	1	2
4999	0	0	1	1	2
