step	 averageRoadPrice	 maxPrice	 variation
0	277.0	300.0	66.6855245437379
1	245.0	300.0	112.40642366712257
2	239.0	300.0	117.89384709845324
3	237.0	300.0	118.9975990153943
4	237.0	300.0	118.9975990153943
5	236.0	300.0	119.22830098219987
6	235.0	300.0	120.46889682420445
7	234.0	300.0	121.00463813003033
8	234.0	300.0	121.00463813003033
9	234.0	300.0	121.00463813003033
10	234.0	300.0	121.00463813003033
11	234.0	300.0	121.00463813003033
12	234.0	300.0	121.00463813003033
13	234.0	300.0	121.00463813003033
14	234.0	300.0	121.00463813003033
15	234.0	300.0	121.00463813003033
16	234.0	300.0	121.00463813003033
17	234.0	300.0	121.00463813003033
18	234.0	300.0	121.00463813003033
19	234.0	300.0	121.00463813003033
20	234.0	300.0	121.00463813003033
21	234.0	300.0	121.00463813003033
22	234.0	300.0	121.00463813003033
23	234.0	300.0	121.00463813003033
24	234.0	300.0	121.00463813003033
25	234.0	300.0	121.00463813003033
26	231.0	300.0	121.5082931578024
27	228.0	300.0	124.94864251085772
28	223.0	300.0	126.52990289465416
29	221.0	300.0	128.6372053965916
30	220.0	300.0	129.56363183346457
31	220.0	300.0	129.56363183346457
32	220.0	300.0	129.56363183346457
33	220.0	300.0	129.56363183346457
34	220.0	300.0	129.56363183346457
35	220.0	300.0	129.56363183346457
36	220.0	300.0	129.56363183346457
37	220.0	300.0	129.56363183346457
38	220.0	300.0	129.56363183346457
39	220.0	300.0	129.56363183346457
40	220.0	300.0	129.56363183346457
41	220.0	300.0	129.56363183346457
42	220.0	300.0	129.56363183346457
43	220.0	300.0	129.56363183346457
44	220.0	300.0	129.56363183346457
45	220.0	300.0	129.56363183346457
46	220.0	300.0	129.56363183346457
47	220.0	300.0	129.56363183346457
48	220.0	300.0	129.56363183346457
49	220.0	300.0	129.56363183346457
50	218.0	300.0	129.55544081549783
51	217.0	300.0	130.55931484914262
52	209.0	300.0	130.30020282847934
53	202.0	300.0	136.31266579868085
54	196.0	300.0	138.9563137927066
55	196.0	300.0	138.9563137927066
56	196.0	300.0	138.9563137927066
57	196.0	300.0	138.9563137927066
58	196.0	300.0	138.9563137927066
59	196.0	300.0	138.9563137927066
60	196.0	300.0	138.9563137927066
61	196.0	300.0	138.9563137927066
62	196.0	300.0	138.9563137927066
63	196.0	300.0	138.9563137927066
64	196.0	300.0	138.9563137927066
65	196.0	300.0	138.9563137927066
66	196.0	300.0	138.9563137927066
67	196.0	300.0	138.9563137927066
68	196.0	300.0	138.9563137927066
69	196.0	300.0	138.9563137927066
70	196.0	300.0	138.9563137927066
71	196.0	300.0	138.9563137927066
72	196.0	300.0	138.9563137927066
73	196.0	300.0	138.9563137927066
74	196.0	300.0	138.9563137927066
75	196.0	300.0	138.9563137927066
76	196.0	300.0	138.9563137927066
77	196.0	300.0	138.9563137927066
78	196.0	300.0	138.9563137927066
79	196.0	300.0	138.9563137927066
80	196.0	300.0	138.9563137927066
81	196.0	300.0	138.9563137927066
82	196.0	300.0	138.9563137927066
83	196.0	300.0	138.9563137927066
84	196.0	300.0	138.9563137927066
85	196.0	300.0	138.9563137927066
86	196.0	300.0	138.9563137927066
87	196.0	300.0	138.9563137927066
88	196.0	300.0	138.9563137927066
89	196.0	300.0	138.9563137927066
90	196.0	300.0	138.9563137927066
91	196.0	300.0	138.9563137927066
92	196.0	300.0	138.9563137927066
93	196.0	300.0	138.9563137927066
94	196.0	300.0	138.9563137927066
95	196.0	300.0	138.9563137927066
96	196.0	300.0	138.9563137927066
97	196.0	300.0	138.9563137927066
98	196.0	300.0	138.9563137927066
99	196.0	300.0	138.9563137927066
100	196.0	300.0	138.9563137927066
101	196.0	300.0	138.9563137927066
102	194.0	300.0	138.36464689437142
103	192.0	300.0	139.8633443831543
104	188.0	300.0	139.86188522530185
105	186.0	300.0	141.25920594887302
106	184.0	300.0	141.94954550609788
107	184.0	300.0	141.94954550609788
108	184.0	300.0	141.94954550609788
109	184.0	300.0	141.94954550609788
110	184.0	300.0	141.94954550609788
111	184.0	300.0	141.94954550609788
112	184.0	300.0	141.94954550609788
113	184.0	300.0	141.94954550609788
114	184.0	300.0	141.94954550609788
115	184.0	300.0	141.94954550609788
116	184.0	300.0	141.94954550609788
117	184.0	300.0	141.94954550609788
118	184.0	300.0	141.94954550609788
119	184.0	300.0	141.94954550609788
120	184.0	300.0	141.94954550609788
121	184.0	300.0	141.94954550609788
122	184.0	300.0	141.94954550609788
123	184.0	300.0	141.94954550609788
124	184.0	300.0	141.94954550609788
125	184.0	300.0	141.94954550609788
126	184.0	300.0	141.94954550609788
127	184.0	300.0	141.94954550609788
128	184.0	300.0	141.94954550609788
129	184.0	300.0	141.94954550609788
130	184.0	300.0	141.94954550609788
131	184.0	300.0	141.94954550609788
132	184.0	300.0	141.94954550609788
133	184.0	300.0	141.94954550609788
134	184.0	300.0	141.94954550609788
135	184.0	300.0	141.94954550609788
136	184.0	300.0	141.94954550609788
137	184.0	300.0	141.94954550609788
138	184.0	300.0	141.94954550609788
139	184.0	300.0	141.94954550609788
140	184.0	300.0	141.94954550609788
141	184.0	300.0	141.94954550609788
142	184.0	300.0	141.94954550609788
143	184.0	300.0	141.94954550609788
144	184.0	300.0	141.94954550609788
145	184.0	300.0	141.94954550609788
146	184.0	300.0	141.94954550609788
147	184.0	300.0	141.94954550609788
148	184.0	300.0	141.94954550609788
149	184.0	300.0	141.94954550609788
150	184.0	300.0	141.94954550609788
151	184.0	300.0	141.94954550609788
152	184.0	300.0	141.94954550609788
153	184.0	300.0	141.94954550609788
154	184.0	300.0	141.94954550609788
155	184.0	300.0	141.94954550609788
156	184.0	300.0	141.94954550609788
157	184.0	300.0	141.94954550609788
158	184.0	300.0	141.94954550609788
159	184.0	300.0	141.94954550609788
160	184.0	300.0	141.94954550609788
161	184.0	300.0	141.94954550609788
162	184.0	300.0	141.94954550609788
163	184.0	300.0	141.94954550609788
164	184.0	300.0	141.94954550609788
165	184.0	300.0	141.94954550609788
166	184.0	300.0	141.94954550609788
167	184.0	300.0	141.94954550609788
168	184.0	300.0	141.94954550609788
169	184.0	300.0	141.94954550609788
170	184.0	300.0	141.94954550609788
171	184.0	300.0	141.94954550609788
172	184.0	300.0	141.94954550609788
173	184.0	300.0	141.94954550609788
174	184.0	300.0	141.94954550609788
175	184.0	300.0	141.94954550609788
176	184.0	300.0	141.94954550609788
177	184.0	300.0	141.94954550609788
178	184.0	300.0	141.94954550609788
179	184.0	300.0	141.94954550609788
180	184.0	300.0	141.94954550609788
181	184.0	300.0	141.94954550609788
182	184.0	300.0	141.94954550609788
183	184.0	300.0	141.94954550609788
184	184.0	300.0	141.94954550609788
185	184.0	300.0	141.94954550609788
186	184.0	300.0	141.94954550609788
187	184.0	300.0	141.94954550609788
188	184.0	300.0	141.94954550609788
189	184.0	300.0	141.94954550609788
190	184.0	300.0	141.94954550609788
191	184.0	300.0	141.94954550609788
192	184.0	300.0	141.94954550609788
193	184.0	300.0	141.94954550609788
194	184.0	300.0	141.94954550609788
195	184.0	300.0	141.94954550609788
196	184.0	300.0	141.94954550609788
197	184.0	300.0	141.94954550609788
198	184.0	300.0	141.94954550609788
199	184.0	300.0	141.94954550609788
200	184.0	300.0	141.94954550609788
201	184.0	300.0	141.94954550609788
202	184.0	300.0	141.94954550609788
203	184.0	300.0	141.94954550609788
204	184.0	300.0	141.94954550609788
205	184.0	300.0	141.94954550609788
206	184.0	300.0	141.94954550609788
207	184.0	300.0	141.94954550609788
208	184.0	300.0	141.94954550609788
209	184.0	300.0	141.94954550609788
210	184.0	300.0	141.94954550609788
211	184.0	300.0	141.94954550609788
212	184.0	300.0	141.94954550609788
213	184.0	300.0	141.94954550609788
214	184.0	300.0	141.94954550609788
215	184.0	300.0	141.94954550609788
216	184.0	300.0	141.94954550609788
217	184.0	300.0	141.94954550609788
218	184.0	300.0	141.94954550609788
219	184.0	300.0	141.94954550609788
220	184.0	300.0	141.94954550609788
221	184.0	300.0	141.94954550609788
222	184.0	300.0	141.94954550609788
223	184.0	300.0	141.94954550609788
224	184.0	300.0	141.94954550609788
225	183.0	300.0	141.5310595463997
226	182.0	300.0	142.19604173715345
227	181.0	300.0	142.5345643723526
228	181.0	300.0	142.5345643723526
229	181.0	300.0	142.5345643723526
230	178.0	300.0	141.1292648168873
231	175.0	300.0	142.9660299311893
232	172.0	300.0	143.91082839943715
233	172.0	300.0	143.91082839943715
234	172.0	300.0	143.91082839943715
235	172.0	300.0	143.91082839943715
236	172.0	300.0	143.91082839943715
237	172.0	300.0	143.91082839943715
238	172.0	300.0	143.91082839943715
239	172.0	300.0	143.91082839943715
240	172.0	300.0	143.91082839943715
241	172.0	300.0	143.91082839943715
242	172.0	300.0	143.91082839943715
243	172.0	300.0	143.91082839943715
244	172.0	300.0	143.91082839943715
245	172.0	300.0	143.91082839943715
246	172.0	300.0	143.91082839943715
247	172.0	300.0	143.91082839943715
248	172.0	300.0	143.91082839943715
249	172.0	300.0	143.91082839943715
250	172.0	300.0	143.91082839943715
251	172.0	300.0	143.91082839943715
252	172.0	300.0	143.91082839943715
253	172.0	300.0	143.91082839943715
254	172.0	300.0	143.91082839943715
255	172.0	300.0	143.91082839943715
256	172.0	300.0	143.91082839943715
257	172.0	300.0	143.91082839943715
258	172.0	300.0	143.91082839943715
259	172.0	300.0	143.91082839943715
260	172.0	300.0	143.91082839943715
261	172.0	300.0	143.91082839943715
262	172.0	300.0	143.91082839943715
263	172.0	300.0	143.91082839943715
264	172.0	300.0	143.91082839943715
265	172.0	300.0	143.91082839943715
266	172.0	300.0	143.91082839943715
267	172.0	300.0	143.91082839943715
268	172.0	300.0	143.91082839943715
269	172.0	300.0	143.91082839943715
270	172.0	300.0	143.91082839943715
271	172.0	300.0	143.91082839943715
272	172.0	300.0	143.91082839943715
273	172.0	300.0	143.91082839943715
274	172.0	300.0	143.91082839943715
275	172.0	300.0	143.91082839943715
276	172.0	300.0	143.91082839943715
277	172.0	300.0	143.91082839943715
278	172.0	300.0	143.91082839943715
279	172.0	300.0	143.91082839943715
280	172.0	300.0	143.91082839943715
281	172.0	300.0	143.91082839943715
282	172.0	300.0	143.91082839943715
283	172.0	300.0	143.91082839943715
284	172.0	300.0	143.91082839943715
285	172.0	300.0	143.91082839943715
286	172.0	300.0	143.91082839943715
287	172.0	300.0	143.91082839943715
288	172.0	300.0	143.91082839943715
289	172.0	300.0	143.91082839943715
290	172.0	300.0	143.91082839943715
291	172.0	300.0	143.91082839943715
292	172.0	300.0	143.91082839943715
293	172.0	300.0	143.91082839943715
294	172.0	300.0	143.91082839943715
295	172.0	300.0	143.91082839943715
296	172.0	300.0	143.91082839943715
297	172.0	300.0	143.91082839943715
298	172.0	300.0	143.91082839943715
299	172.0	300.0	143.91082839943715
300	172.0	300.0	143.91082839943715
301	172.0	300.0	143.91082839943715
302	172.0	300.0	143.91082839943715
303	172.0	300.0	143.91082839943715
304	172.0	300.0	143.91082839943715
305	172.0	300.0	143.91082839943715
306	172.0	300.0	143.91082839943715
307	172.0	300.0	143.91082839943715
308	172.0	300.0	143.91082839943715
309	172.0	300.0	143.91082839943715
310	172.0	300.0	143.91082839943715
311	172.0	300.0	143.91082839943715
312	172.0	300.0	143.91082839943715
313	172.0	300.0	143.91082839943715
314	172.0	300.0	143.91082839943715
315	172.0	300.0	143.91082839943715
316	172.0	300.0	143.91082839943715
317	172.0	300.0	143.91082839943715
318	172.0	300.0	143.91082839943715
319	172.0	300.0	143.91082839943715
320	172.0	300.0	143.91082839943715
321	172.0	300.0	143.91082839943715
322	172.0	300.0	143.91082839943715
323	172.0	300.0	143.91082839943715
324	172.0	300.0	143.91082839943715
325	172.0	300.0	143.91082839943715
326	172.0	300.0	143.91082839943715
327	172.0	300.0	143.91082839943715
328	172.0	300.0	143.91082839943715
329	172.0	300.0	143.91082839943715
330	172.0	300.0	143.91082839943715
331	172.0	300.0	143.91082839943715
332	172.0	300.0	143.91082839943715
333	172.0	300.0	143.91082839943715
334	172.0	300.0	143.91082839943715
335	172.0	300.0	143.91082839943715
336	172.0	300.0	143.91082839943715
337	172.0	300.0	143.91082839943715
338	172.0	300.0	143.91082839943715
339	172.0	300.0	143.91082839943715
340	172.0	300.0	143.91082839943715
341	172.0	300.0	143.91082839943715
342	172.0	300.0	143.91082839943715
343	172.0	300.0	143.91082839943715
344	172.0	300.0	143.91082839943715
345	172.0	300.0	143.91082839943715
346	172.0	300.0	143.91082839943715
347	172.0	300.0	143.91082839943715
348	172.0	300.0	143.91082839943715
349	172.0	300.0	143.91082839943715
350	172.0	300.0	143.91082839943715
351	172.0	300.0	143.91082839943715
352	172.0	300.0	143.91082839943715
353	172.0	300.0	143.91082839943715
354	172.0	300.0	143.91082839943715
355	172.0	300.0	143.91082839943715
356	172.0	300.0	143.91082839943715
357	172.0	300.0	143.91082839943715
358	172.0	300.0	143.91082839943715
359	172.0	300.0	143.91082839943715
360	172.0	300.0	143.91082839943715
361	172.0	300.0	143.91082839943715
362	172.0	300.0	143.91082839943715
363	172.0	300.0	143.91082839943715
364	172.0	300.0	143.91082839943715
365	172.0	300.0	143.91082839943715
366	172.0	300.0	143.91082839943715
367	172.0	300.0	143.91082839943715
368	172.0	300.0	143.91082839943715
369	172.0	300.0	143.91082839943715
370	172.0	300.0	143.91082839943715
371	172.0	300.0	143.91082839943715
372	172.0	300.0	143.91082839943715
373	172.0	300.0	143.91082839943715
374	172.0	300.0	143.91082839943715
375	172.0	300.0	143.91082839943715
376	172.0	300.0	143.91082839943715
377	172.0	300.0	143.91082839943715
378	172.0	300.0	143.91082839943715
379	172.0	300.0	143.91082839943715
380	172.0	300.0	143.91082839943715
381	172.0	300.0	143.91082839943715
382	172.0	300.0	143.91082839943715
383	172.0	300.0	143.91082839943715
384	172.0	300.0	143.91082839943715
385	172.0	300.0	143.91082839943715
386	172.0	300.0	143.91082839943715
387	172.0	300.0	143.91082839943715
388	172.0	300.0	143.91082839943715
389	172.0	300.0	143.91082839943715
390	172.0	300.0	143.91082839943715
391	172.0	300.0	143.91082839943715
392	172.0	300.0	143.91082839943715
393	172.0	300.0	143.91082839943715
394	172.0	300.0	143.91082839943715
395	172.0	300.0	143.91082839943715
396	172.0	300.0	143.91082839943715
397	172.0	300.0	143.91082839943715
398	172.0	300.0	143.91082839943715
399	172.0	300.0	143.91082839943715
400	172.0	300.0	143.91082839943715
401	172.0	300.0	143.91082839943715
402	172.0	300.0	143.91082839943715
403	172.0	300.0	143.91082839943715
404	172.0	300.0	143.91082839943715
405	172.0	300.0	143.91082839943715
406	172.0	300.0	143.91082839943715
407	172.0	300.0	143.91082839943715
408	172.0	300.0	143.91082839943715
409	172.0	300.0	143.91082839943715
410	172.0	300.0	143.91082839943715
411	172.0	300.0	143.91082839943715
412	172.0	300.0	143.91082839943715
413	172.0	300.0	143.91082839943715
414	172.0	300.0	143.91082839943715
415	172.0	300.0	143.91082839943715
416	172.0	300.0	143.91082839943715
417	172.0	300.0	143.91082839943715
418	172.0	300.0	143.91082839943715
419	172.0	300.0	143.91082839943715
420	172.0	300.0	143.91082839943715
421	172.0	300.0	143.91082839943715
422	172.0	300.0	143.91082839943715
423	172.0	300.0	143.91082839943715
424	172.0	300.0	143.91082839943715
425	172.0	300.0	143.91082839943715
426	172.0	300.0	143.91082839943715
427	172.0	300.0	143.91082839943715
428	172.0	300.0	143.91082839943715
429	172.0	300.0	143.91082839943715
430	172.0	300.0	143.91082839943715
431	172.0	300.0	143.91082839943715
432	172.0	300.0	143.91082839943715
433	172.0	300.0	143.91082839943715
434	172.0	300.0	143.91082839943715
435	172.0	300.0	143.91082839943715
436	172.0	300.0	143.91082839943715
437	172.0	300.0	143.91082839943715
438	172.0	300.0	143.91082839943715
439	172.0	300.0	143.91082839943715
440	172.0	300.0	143.91082839943715
441	172.0	300.0	143.91082839943715
442	172.0	300.0	143.91082839943715
443	172.0	300.0	143.91082839943715
444	172.0	300.0	143.91082839943715
445	172.0	300.0	143.91082839943715
446	172.0	300.0	143.91082839943715
447	172.0	300.0	143.91082839943715
448	172.0	300.0	143.91082839943715
449	172.0	300.0	143.91082839943715
450	172.0	300.0	143.91082839943715
451	172.0	300.0	143.91082839943715
452	172.0	300.0	143.91082839943715
453	172.0	300.0	143.91082839943715
454	172.0	300.0	143.91082839943715
455	172.0	300.0	143.91082839943715
456	172.0	300.0	143.91082839943715
457	172.0	300.0	143.91082839943715
458	172.0	300.0	143.91082839943715
459	172.0	300.0	143.91082839943715
460	172.0	300.0	143.91082839943715
461	172.0	300.0	143.91082839943715
462	172.0	300.0	143.91082839943715
463	172.0	300.0	143.91082839943715
464	172.0	300.0	143.91082839943715
465	172.0	300.0	143.91082839943715
466	172.0	300.0	143.91082839943715
467	172.0	300.0	143.91082839943715
468	172.0	300.0	143.91082839943715
469	172.0	300.0	143.91082839943715
470	172.0	300.0	143.91082839943715
471	172.0	300.0	143.91082839943715
472	172.0	300.0	143.91082839943715
473	172.0	300.0	143.91082839943715
474	172.0	300.0	143.91082839943715
475	172.0	300.0	143.91082839943715
476	172.0	300.0	143.91082839943715
477	172.0	300.0	143.91082839943715
478	172.0	300.0	143.91082839943715
479	172.0	300.0	143.91082839943715
480	172.0	300.0	143.91082839943715
481	172.0	300.0	143.91082839943715
482	172.0	300.0	143.91082839943715
483	172.0	300.0	143.91082839943715
484	172.0	300.0	143.91082839943715
485	172.0	300.0	143.91082839943715
486	172.0	300.0	143.91082839943715
487	172.0	300.0	143.91082839943715
488	172.0	300.0	143.91082839943715
489	172.0	300.0	143.91082839943715
490	172.0	300.0	143.91082839943715
491	172.0	300.0	143.91082839943715
492	172.0	300.0	143.91082839943715
493	172.0	300.0	143.91082839943715
494	172.0	300.0	143.91082839943715
495	172.0	300.0	143.91082839943715
496	172.0	300.0	143.91082839943715
497	172.0	300.0	143.91082839943715
498	172.0	300.0	143.91082839943715
499	172.0	300.0	143.91082839943715
500	172.0	300.0	143.91082839943715
501	172.0	300.0	143.91082839943715
502	172.0	300.0	143.91082839943715
503	172.0	300.0	143.91082839943715
504	172.0	300.0	143.91082839943715
505	172.0	300.0	143.91082839943715
506	172.0	300.0	143.91082839943715
507	172.0	300.0	143.91082839943715
508	172.0	300.0	143.91082839943715
509	172.0	300.0	143.91082839943715
510	172.0	300.0	143.91082839943715
511	172.0	300.0	143.91082839943715
512	172.0	300.0	143.91082839943715
513	172.0	300.0	143.91082839943715
514	172.0	300.0	143.91082839943715
515	172.0	300.0	143.91082839943715
516	172.0	300.0	143.91082839943715
517	172.0	300.0	143.91082839943715
518	172.0	300.0	143.91082839943715
519	172.0	300.0	143.91082839943715
520	172.0	300.0	143.91082839943715
521	172.0	300.0	143.91082839943715
522	172.0	300.0	143.91082839943715
523	172.0	300.0	143.91082839943715
524	172.0	300.0	143.91082839943715
525	172.0	300.0	143.91082839943715
526	172.0	300.0	143.91082839943715
527	172.0	300.0	143.91082839943715
528	172.0	300.0	143.91082839943715
529	172.0	300.0	143.91082839943715
530	172.0	300.0	143.91082839943715
531	172.0	300.0	143.91082839943715
532	172.0	300.0	143.91082839943715
533	172.0	300.0	143.91082839943715
534	172.0	300.0	143.91082839943715
535	172.0	300.0	143.91082839943715
536	172.0	300.0	143.91082839943715
537	172.0	300.0	143.91082839943715
538	172.0	300.0	143.91082839943715
539	172.0	300.0	143.91082839943715
540	172.0	300.0	143.91082839943715
541	172.0	300.0	143.91082839943715
542	172.0	300.0	143.91082839943715
543	172.0	300.0	143.91082839943715
544	172.0	300.0	143.91082839943715
545	172.0	300.0	143.91082839943715
546	172.0	300.0	143.91082839943715
547	172.0	300.0	143.91082839943715
548	172.0	300.0	143.91082839943715
549	172.0	300.0	143.91082839943715
550	172.0	300.0	143.91082839943715
551	172.0	300.0	143.91082839943715
552	172.0	300.0	143.91082839943715
553	172.0	300.0	143.91082839943715
554	172.0	300.0	143.91082839943715
555	172.0	300.0	143.91082839943715
556	172.0	300.0	143.91082839943715
557	172.0	300.0	143.91082839943715
558	172.0	300.0	143.91082839943715
559	172.0	300.0	143.91082839943715
560	172.0	300.0	143.91082839943715
561	172.0	300.0	143.91082839943715
562	172.0	300.0	143.91082839943715
563	172.0	300.0	143.91082839943715
564	172.0	300.0	143.91082839943715
565	172.0	300.0	143.91082839943715
566	172.0	300.0	143.91082839943715
567	172.0	300.0	143.91082839943715
568	172.0	300.0	143.91082839943715
569	172.0	300.0	143.91082839943715
570	172.0	300.0	143.91082839943715
571	172.0	300.0	143.91082839943715
572	172.0	300.0	143.91082839943715
573	172.0	300.0	143.91082839943715
574	172.0	300.0	143.91082839943715
575	172.0	300.0	143.91082839943715
576	172.0	300.0	143.91082839943715
577	172.0	300.0	143.91082839943715
578	172.0	300.0	143.91082839943715
579	172.0	300.0	143.91082839943715
580	172.0	300.0	143.91082839943715
581	172.0	300.0	143.91082839943715
582	172.0	300.0	143.91082839943715
583	172.0	300.0	143.91082839943715
584	172.0	300.0	143.91082839943715
585	172.0	300.0	143.91082839943715
586	172.0	300.0	143.91082839943715
587	172.0	300.0	143.91082839943715
588	172.0	300.0	143.91082839943715
589	172.0	300.0	143.91082839943715
590	172.0	300.0	143.91082839943715
591	172.0	300.0	143.91082839943715
592	172.0	300.0	143.91082839943715
593	172.0	300.0	143.91082839943715
594	172.0	300.0	143.91082839943715
595	172.0	300.0	143.91082839943715
596	172.0	300.0	143.91082839943715
597	172.0	300.0	143.91082839943715
598	172.0	300.0	143.91082839943715
599	172.0	300.0	143.91082839943715
600	172.0	300.0	143.91082839943715
601	172.0	300.0	143.91082839943715
602	172.0	300.0	143.91082839943715
603	172.0	300.0	143.91082839943715
604	172.0	300.0	143.91082839943715
605	172.0	300.0	143.91082839943715
606	172.0	300.0	143.91082839943715
607	172.0	300.0	143.91082839943715
608	172.0	300.0	143.91082839943715
609	172.0	300.0	143.91082839943715
610	172.0	300.0	143.91082839943715
611	172.0	300.0	143.91082839943715
612	172.0	300.0	143.91082839943715
613	172.0	300.0	143.91082839943715
614	172.0	300.0	143.91082839943715
615	172.0	300.0	143.91082839943715
616	172.0	300.0	143.91082839943715
617	172.0	300.0	143.91082839943715
618	172.0	300.0	143.91082839943715
619	172.0	300.0	143.91082839943715
620	172.0	300.0	143.91082839943715
621	172.0	300.0	143.91082839943715
622	172.0	300.0	143.91082839943715
623	172.0	300.0	143.91082839943715
624	172.0	300.0	143.91082839943715
625	172.0	300.0	143.91082839943715
626	172.0	300.0	143.91082839943715
627	172.0	300.0	143.91082839943715
628	172.0	300.0	143.91082839943715
629	172.0	300.0	143.91082839943715
630	172.0	300.0	143.91082839943715
631	172.0	300.0	143.91082839943715
632	172.0	300.0	143.91082839943715
633	172.0	300.0	143.91082839943715
634	172.0	300.0	143.91082839943715
635	172.0	300.0	143.91082839943715
636	172.0	300.0	143.91082839943715
637	172.0	300.0	143.91082839943715
638	172.0	300.0	143.91082839943715
639	172.0	300.0	143.91082839943715
640	172.0	300.0	143.91082839943715
641	172.0	300.0	143.91082839943715
642	172.0	300.0	143.91082839943715
643	172.0	300.0	143.91082839943715
644	172.0	300.0	143.91082839943715
645	172.0	300.0	143.91082839943715
646	172.0	300.0	143.91082839943715
647	172.0	300.0	143.91082839943715
648	172.0	300.0	143.91082839943715
649	172.0	300.0	143.91082839943715
650	172.0	300.0	143.91082839943715
651	172.0	300.0	143.91082839943715
652	172.0	300.0	143.91082839943715
653	172.0	300.0	143.91082839943715
654	172.0	300.0	143.91082839943715
655	172.0	300.0	143.91082839943715
656	172.0	300.0	143.91082839943715
657	172.0	300.0	143.91082839943715
658	172.0	300.0	143.91082839943715
659	172.0	300.0	143.91082839943715
660	172.0	300.0	143.91082839943715
661	172.0	300.0	143.91082839943715
662	172.0	300.0	143.91082839943715
663	172.0	300.0	143.91082839943715
664	172.0	300.0	143.91082839943715
665	172.0	300.0	143.91082839943715
666	172.0	300.0	143.91082839943715
667	172.0	300.0	143.91082839943715
668	172.0	300.0	143.91082839943715
669	172.0	300.0	143.91082839943715
670	172.0	300.0	143.91082839943715
671	172.0	300.0	143.91082839943715
672	172.0	300.0	143.91082839943715
673	172.0	300.0	143.91082839943715
674	172.0	300.0	143.91082839943715
675	172.0	300.0	143.91082839943715
676	172.0	300.0	143.91082839943715
677	172.0	300.0	143.91082839943715
678	172.0	300.0	143.91082839943715
679	172.0	300.0	143.91082839943715
680	172.0	300.0	143.91082839943715
681	172.0	300.0	143.91082839943715
682	172.0	300.0	143.91082839943715
683	172.0	300.0	143.91082839943715
684	172.0	300.0	143.91082839943715
685	172.0	300.0	143.91082839943715
686	172.0	300.0	143.91082839943715
687	172.0	300.0	143.91082839943715
688	172.0	300.0	143.91082839943715
689	172.0	300.0	143.91082839943715
690	172.0	300.0	143.91082839943715
691	172.0	300.0	143.91082839943715
692	172.0	300.0	143.91082839943715
693	172.0	300.0	143.91082839943715
694	172.0	300.0	143.91082839943715
695	172.0	300.0	143.91082839943715
696	172.0	300.0	143.91082839943715
697	172.0	300.0	143.91082839943715
698	172.0	300.0	143.91082839943715
699	172.0	300.0	143.91082839943715
700	172.0	300.0	143.91082839943715
701	172.0	300.0	143.91082839943715
702	172.0	300.0	143.91082839943715
703	172.0	300.0	143.91082839943715
704	172.0	300.0	143.91082839943715
705	172.0	300.0	143.91082839943715
706	172.0	300.0	143.91082839943715
707	172.0	300.0	143.91082839943715
708	172.0	300.0	143.91082839943715
709	172.0	300.0	143.91082839943715
710	172.0	300.0	143.91082839943715
711	172.0	300.0	143.91082839943715
712	172.0	300.0	143.91082839943715
713	172.0	300.0	143.91082839943715
714	172.0	300.0	143.91082839943715
715	172.0	300.0	143.91082839943715
716	172.0	300.0	143.91082839943715
717	172.0	300.0	143.91082839943715
718	172.0	300.0	143.91082839943715
719	172.0	300.0	143.91082839943715
720	172.0	300.0	143.91082839943715
721	172.0	300.0	143.91082839943715
722	172.0	300.0	143.91082839943715
723	172.0	300.0	143.91082839943715
724	172.0	300.0	143.91082839943715
725	172.0	300.0	143.91082839943715
726	172.0	300.0	143.91082839943715
727	172.0	300.0	143.91082839943715
728	172.0	300.0	143.91082839943715
729	172.0	300.0	143.91082839943715
730	172.0	300.0	143.91082839943715
731	172.0	300.0	143.91082839943715
732	172.0	300.0	143.91082839943715
733	172.0	300.0	143.91082839943715
734	172.0	300.0	143.91082839943715
735	172.0	300.0	143.91082839943715
736	172.0	300.0	143.91082839943715
737	172.0	300.0	143.91082839943715
738	172.0	300.0	143.91082839943715
739	172.0	300.0	143.91082839943715
740	172.0	300.0	143.91082839943715
741	172.0	300.0	143.91082839943715
742	172.0	300.0	143.91082839943715
743	172.0	300.0	143.91082839943715
744	172.0	300.0	143.91082839943715
745	172.0	300.0	143.91082839943715
746	172.0	300.0	143.91082839943715
747	172.0	300.0	143.91082839943715
748	172.0	300.0	143.91082839943715
749	172.0	300.0	143.91082839943715
750	172.0	300.0	143.91082839943715
751	172.0	300.0	143.91082839943715
752	172.0	300.0	143.91082839943715
753	172.0	300.0	143.91082839943715
754	172.0	300.0	143.91082839943715
755	172.0	300.0	143.91082839943715
756	172.0	300.0	143.91082839943715
757	172.0	300.0	143.91082839943715
758	172.0	300.0	143.91082839943715
759	172.0	300.0	143.91082839943715
760	172.0	300.0	143.91082839943715
761	172.0	300.0	143.91082839943715
762	172.0	300.0	143.91082839943715
763	172.0	300.0	143.91082839943715
764	172.0	300.0	143.91082839943715
765	172.0	300.0	143.91082839943715
766	172.0	300.0	143.91082839943715
767	172.0	300.0	143.91082839943715
768	172.0	300.0	143.91082839943715
769	172.0	300.0	143.91082839943715
770	172.0	300.0	143.91082839943715
771	172.0	300.0	143.91082839943715
772	172.0	300.0	143.91082839943715
773	172.0	300.0	143.91082839943715
774	172.0	300.0	143.91082839943715
775	172.0	300.0	143.91082839943715
776	172.0	300.0	143.91082839943715
777	172.0	300.0	143.91082839943715
778	172.0	300.0	143.91082839943715
779	172.0	300.0	143.91082839943715
780	172.0	300.0	143.91082839943715
781	172.0	300.0	143.91082839943715
782	172.0	300.0	143.91082839943715
783	172.0	300.0	143.91082839943715
784	172.0	300.0	143.91082839943715
785	172.0	300.0	143.91082839943715
786	172.0	300.0	143.91082839943715
787	172.0	300.0	143.91082839943715
788	172.0	300.0	143.91082839943715
789	172.0	300.0	143.91082839943715
790	172.0	300.0	143.91082839943715
791	172.0	300.0	143.91082839943715
792	172.0	300.0	143.91082839943715
793	172.0	300.0	143.91082839943715
794	172.0	300.0	143.91082839943715
795	172.0	300.0	143.91082839943715
796	172.0	300.0	143.91082839943715
797	172.0	300.0	143.91082839943715
798	172.0	300.0	143.91082839943715
799	172.0	300.0	143.91082839943715
800	172.0	300.0	143.91082839943715
801	172.0	300.0	143.91082839943715
802	172.0	300.0	143.91082839943715
803	172.0	300.0	143.91082839943715
804	172.0	300.0	143.91082839943715
805	172.0	300.0	143.91082839943715
806	172.0	300.0	143.91082839943715
807	172.0	300.0	143.91082839943715
808	172.0	300.0	143.91082839943715
809	172.0	300.0	143.91082839943715
810	172.0	300.0	143.91082839943715
811	172.0	300.0	143.91082839943715
812	172.0	300.0	143.91082839943715
813	172.0	300.0	143.91082839943715
814	172.0	300.0	143.91082839943715
815	172.0	300.0	143.91082839943715
816	172.0	300.0	143.91082839943715
817	172.0	300.0	143.91082839943715
818	172.0	300.0	143.91082839943715
819	172.0	300.0	143.91082839943715
820	172.0	300.0	143.91082839943715
821	172.0	300.0	143.91082839943715
822	172.0	300.0	143.91082839943715
823	172.0	300.0	143.91082839943715
824	172.0	300.0	143.91082839943715
825	172.0	300.0	143.91082839943715
826	172.0	300.0	143.91082839943715
827	172.0	300.0	143.91082839943715
828	172.0	300.0	143.91082839943715
829	172.0	300.0	143.91082839943715
830	172.0	300.0	143.91082839943715
831	172.0	300.0	143.91082839943715
832	172.0	300.0	143.91082839943715
833	172.0	300.0	143.91082839943715
834	172.0	300.0	143.91082839943715
835	172.0	300.0	143.91082839943715
836	172.0	300.0	143.91082839943715
837	172.0	300.0	143.91082839943715
838	172.0	300.0	143.91082839943715
839	172.0	300.0	143.91082839943715
840	172.0	300.0	143.91082839943715
841	172.0	300.0	143.91082839943715
842	172.0	300.0	143.91082839943715
843	172.0	300.0	143.91082839943715
844	172.0	300.0	143.91082839943715
845	172.0	300.0	143.91082839943715
846	172.0	300.0	143.91082839943715
847	172.0	300.0	143.91082839943715
848	172.0	300.0	143.91082839943715
849	172.0	300.0	143.91082839943715
850	172.0	300.0	143.91082839943715
851	172.0	300.0	143.91082839943715
852	172.0	300.0	143.91082839943715
853	172.0	300.0	143.91082839943715
854	172.0	300.0	143.91082839943715
855	172.0	300.0	143.91082839943715
856	172.0	300.0	143.91082839943715
857	172.0	300.0	143.91082839943715
858	172.0	300.0	143.91082839943715
859	172.0	300.0	143.91082839943715
860	172.0	300.0	143.91082839943715
861	172.0	300.0	143.91082839943715
862	172.0	300.0	143.91082839943715
863	172.0	300.0	143.91082839943715
864	172.0	300.0	143.91082839943715
865	172.0	300.0	143.91082839943715
866	172.0	300.0	143.91082839943715
867	172.0	300.0	143.91082839943715
868	172.0	300.0	143.91082839943715
869	172.0	300.0	143.91082839943715
870	172.0	300.0	143.91082839943715
871	172.0	300.0	143.91082839943715
872	172.0	300.0	143.91082839943715
873	172.0	300.0	143.91082839943715
874	172.0	300.0	143.91082839943715
875	172.0	300.0	143.91082839943715
876	172.0	300.0	143.91082839943715
877	172.0	300.0	143.91082839943715
878	172.0	300.0	143.91082839943715
879	172.0	300.0	143.91082839943715
880	172.0	300.0	143.91082839943715
881	172.0	300.0	143.91082839943715
882	172.0	300.0	143.91082839943715
883	172.0	300.0	143.91082839943715
884	172.0	300.0	143.91082839943715
885	172.0	300.0	143.91082839943715
886	172.0	300.0	143.91082839943715
887	172.0	300.0	143.91082839943715
888	172.0	300.0	143.91082839943715
889	172.0	300.0	143.91082839943715
890	172.0	300.0	143.91082839943715
891	172.0	300.0	143.91082839943715
892	172.0	300.0	143.91082839943715
893	172.0	300.0	143.91082839943715
894	172.0	300.0	143.91082839943715
895	172.0	300.0	143.91082839943715
896	172.0	300.0	143.91082839943715
897	172.0	300.0	143.91082839943715
898	172.0	300.0	143.91082839943715
899	172.0	300.0	143.91082839943715
900	172.0	300.0	143.91082839943715
901	172.0	300.0	143.91082839943715
902	172.0	300.0	143.91082839943715
903	172.0	300.0	143.91082839943715
904	172.0	300.0	143.91082839943715
905	172.0	300.0	143.91082839943715
906	172.0	300.0	143.91082839943715
907	172.0	300.0	143.91082839943715
908	172.0	300.0	143.91082839943715
909	172.0	300.0	143.91082839943715
910	172.0	300.0	143.91082839943715
911	172.0	300.0	143.91082839943715
912	172.0	300.0	143.91082839943715
913	172.0	300.0	143.91082839943715
914	172.0	300.0	143.91082839943715
915	172.0	300.0	143.91082839943715
916	172.0	300.0	143.91082839943715
917	172.0	300.0	143.91082839943715
918	172.0	300.0	143.91082839943715
919	172.0	300.0	143.91082839943715
920	172.0	300.0	143.91082839943715
921	172.0	300.0	143.91082839943715
922	172.0	300.0	143.91082839943715
923	172.0	300.0	143.91082839943715
924	172.0	300.0	143.91082839943715
925	172.0	300.0	143.91082839943715
926	172.0	300.0	143.91082839943715
927	172.0	300.0	143.91082839943715
928	172.0	300.0	143.91082839943715
929	172.0	300.0	143.91082839943715
930	172.0	300.0	143.91082839943715
931	172.0	300.0	143.91082839943715
932	172.0	300.0	143.91082839943715
933	172.0	300.0	143.91082839943715
934	172.0	300.0	143.91082839943715
935	172.0	300.0	143.91082839943715
936	172.0	300.0	143.91082839943715
937	172.0	300.0	143.91082839943715
938	172.0	300.0	143.91082839943715
939	172.0	300.0	143.91082839943715
940	172.0	300.0	143.91082839943715
941	172.0	300.0	143.91082839943715
942	172.0	300.0	143.91082839943715
943	172.0	300.0	143.91082839943715
944	172.0	300.0	143.91082839943715
945	172.0	300.0	143.91082839943715
946	172.0	300.0	143.91082839943715
947	172.0	300.0	143.91082839943715
948	172.0	300.0	143.91082839943715
949	172.0	300.0	143.91082839943715
950	172.0	300.0	143.91082839943715
951	172.0	300.0	143.91082839943715
952	172.0	300.0	143.91082839943715
953	172.0	300.0	143.91082839943715
954	172.0	300.0	143.91082839943715
955	172.0	300.0	143.91082839943715
956	172.0	300.0	143.91082839943715
957	172.0	300.0	143.91082839943715
958	172.0	300.0	143.91082839943715
959	172.0	300.0	143.91082839943715
960	172.0	300.0	143.91082839943715
961	172.0	300.0	143.91082839943715
962	172.0	300.0	143.91082839943715
963	172.0	300.0	143.91082839943715
964	172.0	300.0	143.91082839943715
965	172.0	300.0	143.91082839943715
966	172.0	300.0	143.91082839943715
967	172.0	300.0	143.91082839943715
968	172.0	300.0	143.91082839943715
969	172.0	300.0	143.91082839943715
970	172.0	300.0	143.91082839943715
971	172.0	300.0	143.91082839943715
972	172.0	300.0	143.91082839943715
973	172.0	300.0	143.91082839943715
974	172.0	300.0	143.91082839943715
975	172.0	300.0	143.91082839943715
976	172.0	300.0	143.91082839943715
977	172.0	300.0	143.91082839943715
978	172.0	300.0	143.91082839943715
979	172.0	300.0	143.91082839943715
980	172.0	300.0	143.91082839943715
981	172.0	300.0	143.91082839943715
982	172.0	300.0	143.91082839943715
983	172.0	300.0	143.91082839943715
984	172.0	300.0	143.91082839943715
985	172.0	300.0	143.91082839943715
986	172.0	300.0	143.91082839943715
987	172.0	300.0	143.91082839943715
988	172.0	300.0	143.91082839943715
989	172.0	300.0	143.91082839943715
990	172.0	300.0	143.91082839943715
991	172.0	300.0	143.91082839943715
992	172.0	300.0	143.91082839943715
993	172.0	300.0	143.91082839943715
994	172.0	300.0	143.91082839943715
995	172.0	300.0	143.91082839943715
996	172.0	300.0	143.91082839943715
997	172.0	300.0	143.91082839943715
998	172.0	300.0	143.91082839943715
999	172.0	300.0	143.91082839943715
1000	172.0	300.0	143.91082839943715
1001	172.0	300.0	143.91082839943715
1002	172.0	300.0	143.91082839943715
1003	172.0	300.0	143.91082839943715
1004	172.0	300.0	143.91082839943715
1005	172.0	300.0	143.91082839943715
1006	172.0	300.0	143.91082839943715
1007	172.0	300.0	143.91082839943715
1008	172.0	300.0	143.91082839943715
1009	172.0	300.0	143.91082839943715
1010	172.0	300.0	143.91082839943715
1011	172.0	300.0	143.91082839943715
1012	172.0	300.0	143.91082839943715
1013	172.0	300.0	143.91082839943715
1014	172.0	300.0	143.91082839943715
1015	172.0	300.0	143.91082839943715
1016	172.0	300.0	143.91082839943715
1017	172.0	300.0	143.91082839943715
1018	172.0	300.0	143.91082839943715
1019	172.0	300.0	143.91082839943715
1020	172.0	300.0	143.91082839943715
1021	172.0	300.0	143.91082839943715
1022	172.0	300.0	143.91082839943715
1023	172.0	300.0	143.91082839943715
1024	172.0	300.0	143.91082839943715
1025	172.0	300.0	143.91082839943715
1026	172.0	300.0	143.91082839943715
1027	172.0	300.0	143.91082839943715
1028	172.0	300.0	143.91082839943715
1029	172.0	300.0	143.91082839943715
1030	172.0	300.0	143.91082839943715
1031	172.0	300.0	143.91082839943715
1032	172.0	300.0	143.91082839943715
1033	172.0	300.0	143.91082839943715
1034	172.0	300.0	143.91082839943715
1035	172.0	300.0	143.91082839943715
1036	172.0	300.0	143.91082839943715
1037	172.0	300.0	143.91082839943715
1038	172.0	300.0	143.91082839943715
1039	172.0	300.0	143.91082839943715
1040	172.0	300.0	143.91082839943715
1041	172.0	300.0	143.91082839943715
1042	172.0	300.0	143.91082839943715
1043	172.0	300.0	143.91082839943715
1044	172.0	300.0	143.91082839943715
1045	172.0	300.0	143.91082839943715
1046	172.0	300.0	143.91082839943715
1047	172.0	300.0	143.91082839943715
1048	172.0	300.0	143.91082839943715
1049	172.0	300.0	143.91082839943715
1050	172.0	300.0	143.91082839943715
1051	172.0	300.0	143.91082839943715
1052	172.0	300.0	143.91082839943715
1053	172.0	300.0	143.91082839943715
1054	172.0	300.0	143.91082839943715
1055	172.0	300.0	143.91082839943715
1056	172.0	300.0	143.91082839943715
1057	172.0	300.0	143.91082839943715
1058	172.0	300.0	143.91082839943715
1059	172.0	300.0	143.91082839943715
1060	172.0	300.0	143.91082839943715
1061	172.0	300.0	143.91082839943715
1062	172.0	300.0	143.91082839943715
1063	172.0	300.0	143.91082839943715
1064	172.0	300.0	143.91082839943715
1065	172.0	300.0	143.91082839943715
1066	172.0	300.0	143.91082839943715
1067	172.0	300.0	143.91082839943715
1068	172.0	300.0	143.91082839943715
1069	172.0	300.0	143.91082839943715
1070	172.0	300.0	143.91082839943715
1071	172.0	300.0	143.91082839943715
1072	172.0	300.0	143.91082839943715
1073	172.0	300.0	143.91082839943715
1074	172.0	300.0	143.91082839943715
1075	172.0	300.0	143.91082839943715
1076	172.0	300.0	143.91082839943715
1077	172.0	300.0	143.91082839943715
1078	172.0	300.0	143.91082839943715
1079	172.0	300.0	143.91082839943715
1080	172.0	300.0	143.91082839943715
1081	172.0	300.0	143.91082839943715
1082	172.0	300.0	143.91082839943715
1083	172.0	300.0	143.91082839943715
1084	172.0	300.0	143.91082839943715
1085	172.0	300.0	143.91082839943715
1086	172.0	300.0	143.91082839943715
1087	172.0	300.0	143.91082839943715
1088	172.0	300.0	143.91082839943715
1089	172.0	300.0	143.91082839943715
1090	172.0	300.0	143.91082839943715
1091	172.0	300.0	143.91082839943715
1092	172.0	300.0	143.91082839943715
1093	172.0	300.0	143.91082839943715
1094	172.0	300.0	143.91082839943715
1095	172.0	300.0	143.91082839943715
1096	172.0	300.0	143.91082839943715
1097	172.0	300.0	143.91082839943715
1098	172.0	300.0	143.91082839943715
1099	172.0	300.0	143.91082839943715
1100	172.0	300.0	143.91082839943715
1101	172.0	300.0	143.91082839943715
1102	172.0	300.0	143.91082839943715
1103	172.0	300.0	143.91082839943715
1104	172.0	300.0	143.91082839943715
1105	172.0	300.0	143.91082839943715
1106	172.0	300.0	143.91082839943715
1107	172.0	300.0	143.91082839943715
1108	172.0	300.0	143.91082839943715
1109	172.0	300.0	143.91082839943715
1110	172.0	300.0	143.91082839943715
1111	172.0	300.0	143.91082839943715
1112	172.0	300.0	143.91082839943715
1113	172.0	300.0	143.91082839943715
1114	172.0	300.0	143.91082839943715
1115	172.0	300.0	143.91082839943715
1116	172.0	300.0	143.91082839943715
1117	172.0	300.0	143.91082839943715
1118	172.0	300.0	143.91082839943715
1119	172.0	300.0	143.91082839943715
1120	172.0	300.0	143.91082839943715
1121	172.0	300.0	143.91082839943715
1122	172.0	300.0	143.91082839943715
1123	172.0	300.0	143.91082839943715
1124	172.0	300.0	143.91082839943715
1125	172.0	300.0	143.91082839943715
1126	172.0	300.0	143.91082839943715
1127	172.0	300.0	143.91082839943715
1128	172.0	300.0	143.91082839943715
1129	172.0	300.0	143.91082839943715
1130	172.0	300.0	143.91082839943715
1131	172.0	300.0	143.91082839943715
1132	172.0	300.0	143.91082839943715
1133	172.0	300.0	143.91082839943715
1134	172.0	300.0	143.91082839943715
1135	172.0	300.0	143.91082839943715
1136	172.0	300.0	143.91082839943715
1137	172.0	300.0	143.91082839943715
1138	172.0	300.0	143.91082839943715
1139	172.0	300.0	143.91082839943715
1140	172.0	300.0	143.91082839943715
1141	172.0	300.0	143.91082839943715
1142	172.0	300.0	143.91082839943715
1143	172.0	300.0	143.91082839943715
1144	172.0	300.0	143.91082839943715
1145	172.0	300.0	143.91082839943715
1146	172.0	300.0	143.91082839943715
1147	172.0	300.0	143.91082839943715
1148	172.0	300.0	143.91082839943715
1149	172.0	300.0	143.91082839943715
1150	172.0	300.0	143.91082839943715
1151	172.0	300.0	143.91082839943715
1152	172.0	300.0	143.91082839943715
1153	172.0	300.0	143.91082839943715
1154	172.0	300.0	143.91082839943715
1155	172.0	300.0	143.91082839943715
1156	172.0	300.0	143.91082839943715
1157	172.0	300.0	143.91082839943715
1158	172.0	300.0	143.91082839943715
1159	172.0	300.0	143.91082839943715
1160	172.0	300.0	143.91082839943715
1161	172.0	300.0	143.91082839943715
1162	172.0	300.0	143.91082839943715
1163	172.0	300.0	143.91082839943715
1164	172.0	300.0	143.91082839943715
1165	172.0	300.0	143.91082839943715
1166	172.0	300.0	143.91082839943715
1167	172.0	300.0	143.91082839943715
1168	172.0	300.0	143.91082839943715
1169	172.0	300.0	143.91082839943715
1170	172.0	300.0	143.91082839943715
1171	172.0	300.0	143.91082839943715
1172	172.0	300.0	143.91082839943715
1173	172.0	300.0	143.91082839943715
1174	172.0	300.0	143.91082839943715
1175	172.0	300.0	143.91082839943715
1176	172.0	300.0	143.91082839943715
1177	172.0	300.0	143.91082839943715
1178	172.0	300.0	143.91082839943715
1179	172.0	300.0	143.91082839943715
1180	172.0	300.0	143.91082839943715
1181	172.0	300.0	143.91082839943715
1182	172.0	300.0	143.91082839943715
1183	172.0	300.0	143.91082839943715
1184	172.0	300.0	143.91082839943715
1185	172.0	300.0	143.91082839943715
1186	172.0	300.0	143.91082839943715
1187	172.0	300.0	143.91082839943715
1188	172.0	300.0	143.91082839943715
1189	172.0	300.0	143.91082839943715
1190	172.0	300.0	143.91082839943715
1191	172.0	300.0	143.91082839943715
1192	172.0	300.0	143.91082839943715
1193	172.0	300.0	143.91082839943715
1194	172.0	300.0	143.91082839943715
1195	172.0	300.0	143.91082839943715
1196	172.0	300.0	143.91082839943715
1197	172.0	300.0	143.91082839943715
1198	172.0	300.0	143.91082839943715
1199	172.0	300.0	143.91082839943715
1200	172.0	300.0	143.91082839943715
1201	172.0	300.0	143.91082839943715
1202	172.0	300.0	143.91082839943715
1203	172.0	300.0	143.91082839943715
1204	172.0	300.0	143.91082839943715
1205	172.0	300.0	143.91082839943715
1206	172.0	300.0	143.91082839943715
1207	172.0	300.0	143.91082839943715
1208	172.0	300.0	143.91082839943715
1209	172.0	300.0	143.91082839943715
1210	172.0	300.0	143.91082839943715
1211	172.0	300.0	143.91082839943715
1212	172.0	300.0	143.91082839943715
1213	172.0	300.0	143.91082839943715
1214	172.0	300.0	143.91082839943715
1215	172.0	300.0	143.91082839943715
1216	172.0	300.0	143.91082839943715
1217	172.0	300.0	143.91082839943715
1218	172.0	300.0	143.91082839943715
1219	172.0	300.0	143.91082839943715
1220	172.0	300.0	143.91082839943715
1221	172.0	300.0	143.91082839943715
1222	172.0	300.0	143.91082839943715
1223	172.0	300.0	143.91082839943715
1224	172.0	300.0	143.91082839943715
1225	172.0	300.0	143.91082839943715
1226	172.0	300.0	143.91082839943715
1227	172.0	300.0	143.91082839943715
1228	172.0	300.0	143.91082839943715
1229	172.0	300.0	143.91082839943715
1230	172.0	300.0	143.91082839943715
1231	172.0	300.0	143.91082839943715
1232	172.0	300.0	143.91082839943715
1233	172.0	300.0	143.91082839943715
1234	172.0	300.0	143.91082839943715
1235	172.0	300.0	143.91082839943715
1236	172.0	300.0	143.91082839943715
1237	172.0	300.0	143.91082839943715
1238	172.0	300.0	143.91082839943715
1239	172.0	300.0	143.91082839943715
1240	172.0	300.0	143.91082839943715
1241	172.0	300.0	143.91082839943715
1242	172.0	300.0	143.91082839943715
1243	172.0	300.0	143.91082839943715
1244	172.0	300.0	143.91082839943715
1245	172.0	300.0	143.91082839943715
1246	172.0	300.0	143.91082839943715
1247	172.0	300.0	143.91082839943715
1248	172.0	300.0	143.91082839943715
1249	172.0	300.0	143.91082839943715
1250	172.0	300.0	143.91082839943715
1251	172.0	300.0	143.91082839943715
1252	172.0	300.0	143.91082839943715
1253	172.0	300.0	143.91082839943715
1254	172.0	300.0	143.91082839943715
1255	172.0	300.0	143.91082839943715
1256	172.0	300.0	143.91082839943715
1257	172.0	300.0	143.91082839943715
1258	172.0	300.0	143.91082839943715
1259	172.0	300.0	143.91082839943715
1260	172.0	300.0	143.91082839943715
1261	172.0	300.0	143.91082839943715
1262	172.0	300.0	143.91082839943715
1263	172.0	300.0	143.91082839943715
1264	172.0	300.0	143.91082839943715
1265	172.0	300.0	143.91082839943715
1266	172.0	300.0	143.91082839943715
1267	172.0	300.0	143.91082839943715
1268	172.0	300.0	143.91082839943715
1269	172.0	300.0	143.91082839943715
1270	172.0	300.0	143.91082839943715
1271	172.0	300.0	143.91082839943715
1272	172.0	300.0	143.91082839943715
1273	172.0	300.0	143.91082839943715
1274	172.0	300.0	143.91082839943715
1275	172.0	300.0	143.91082839943715
1276	172.0	300.0	143.91082839943715
1277	172.0	300.0	143.91082839943715
1278	172.0	300.0	143.91082839943715
1279	172.0	300.0	143.91082839943715
1280	172.0	300.0	143.91082839943715
1281	172.0	300.0	143.91082839943715
1282	172.0	300.0	143.91082839943715
1283	172.0	300.0	143.91082839943715
1284	172.0	300.0	143.91082839943715
1285	172.0	300.0	143.91082839943715
1286	172.0	300.0	143.91082839943715
1287	172.0	300.0	143.91082839943715
1288	172.0	300.0	143.91082839943715
1289	172.0	300.0	143.91082839943715
1290	172.0	300.0	143.91082839943715
1291	172.0	300.0	143.91082839943715
1292	172.0	300.0	143.91082839943715
1293	172.0	300.0	143.91082839943715
1294	172.0	300.0	143.91082839943715
1295	172.0	300.0	143.91082839943715
1296	172.0	300.0	143.91082839943715
1297	172.0	300.0	143.91082839943715
1298	172.0	300.0	143.91082839943715
1299	172.0	300.0	143.91082839943715
1300	172.0	300.0	143.91082839943715
1301	172.0	300.0	143.91082839943715
1302	172.0	300.0	143.91082839943715
1303	172.0	300.0	143.91082839943715
1304	172.0	300.0	143.91082839943715
1305	172.0	300.0	143.91082839943715
1306	172.0	300.0	143.91082839943715
1307	172.0	300.0	143.91082839943715
1308	172.0	300.0	143.91082839943715
1309	172.0	300.0	143.91082839943715
1310	172.0	300.0	143.91082839943715
1311	172.0	300.0	143.91082839943715
1312	172.0	300.0	143.91082839943715
1313	172.0	300.0	143.91082839943715
1314	172.0	300.0	143.91082839943715
1315	172.0	300.0	143.91082839943715
1316	172.0	300.0	143.91082839943715
1317	172.0	300.0	143.91082839943715
1318	172.0	300.0	143.91082839943715
1319	172.0	300.0	143.91082839943715
1320	172.0	300.0	143.91082839943715
1321	172.0	300.0	143.91082839943715
1322	172.0	300.0	143.91082839943715
1323	172.0	300.0	143.91082839943715
1324	172.0	300.0	143.91082839943715
1325	172.0	300.0	143.91082839943715
1326	172.0	300.0	143.91082839943715
1327	172.0	300.0	143.91082839943715
1328	172.0	300.0	143.91082839943715
1329	172.0	300.0	143.91082839943715
1330	172.0	300.0	143.91082839943715
1331	172.0	300.0	143.91082839943715
1332	172.0	300.0	143.91082839943715
1333	172.0	300.0	143.91082839943715
1334	172.0	300.0	143.91082839943715
1335	172.0	300.0	143.91082839943715
1336	172.0	300.0	143.91082839943715
1337	172.0	300.0	143.91082839943715
1338	172.0	300.0	143.91082839943715
1339	172.0	300.0	143.91082839943715
1340	172.0	300.0	143.91082839943715
1341	172.0	300.0	143.91082839943715
1342	172.0	300.0	143.91082839943715
1343	172.0	300.0	143.91082839943715
1344	172.0	300.0	143.91082839943715
1345	172.0	300.0	143.91082839943715
1346	172.0	300.0	143.91082839943715
1347	172.0	300.0	143.91082839943715
1348	172.0	300.0	143.91082839943715
1349	172.0	300.0	143.91082839943715
1350	172.0	300.0	143.91082839943715
1351	172.0	300.0	143.91082839943715
1352	172.0	300.0	143.91082839943715
1353	172.0	300.0	143.91082839943715
1354	172.0	300.0	143.91082839943715
1355	172.0	300.0	143.91082839943715
1356	172.0	300.0	143.91082839943715
1357	172.0	300.0	143.91082839943715
1358	172.0	300.0	143.91082839943715
1359	172.0	300.0	143.91082839943715
1360	172.0	300.0	143.91082839943715
1361	172.0	300.0	143.91082839943715
1362	172.0	300.0	143.91082839943715
1363	172.0	300.0	143.91082839943715
1364	172.0	300.0	143.91082839943715
1365	172.0	300.0	143.91082839943715
1366	172.0	300.0	143.91082839943715
1367	172.0	300.0	143.91082839943715
1368	172.0	300.0	143.91082839943715
1369	172.0	300.0	143.91082839943715
1370	172.0	300.0	143.91082839943715
1371	172.0	300.0	143.91082839943715
1372	172.0	300.0	143.91082839943715
1373	172.0	300.0	143.91082839943715
1374	172.0	300.0	143.91082839943715
1375	172.0	300.0	143.91082839943715
1376	172.0	300.0	143.91082839943715
1377	172.0	300.0	143.91082839943715
1378	172.0	300.0	143.91082839943715
1379	172.0	300.0	143.91082839943715
1380	172.0	300.0	143.91082839943715
1381	172.0	300.0	143.91082839943715
1382	172.0	300.0	143.91082839943715
1383	172.0	300.0	143.91082839943715
1384	172.0	300.0	143.91082839943715
1385	172.0	300.0	143.91082839943715
1386	172.0	300.0	143.91082839943715
1387	172.0	300.0	143.91082839943715
1388	172.0	300.0	143.91082839943715
1389	172.0	300.0	143.91082839943715
1390	172.0	300.0	143.91082839943715
1391	172.0	300.0	143.91082839943715
1392	172.0	300.0	143.91082839943715
1393	172.0	300.0	143.91082839943715
1394	172.0	300.0	143.91082839943715
1395	172.0	300.0	143.91082839943715
1396	172.0	300.0	143.91082839943715
1397	172.0	300.0	143.91082839943715
1398	172.0	300.0	143.91082839943715
1399	172.0	300.0	143.91082839943715
1400	172.0	300.0	143.91082839943715
1401	172.0	300.0	143.91082839943715
1402	172.0	300.0	143.91082839943715
1403	172.0	300.0	143.91082839943715
1404	172.0	300.0	143.91082839943715
1405	172.0	300.0	143.91082839943715
1406	172.0	300.0	143.91082839943715
1407	172.0	300.0	143.91082839943715
1408	172.0	300.0	143.91082839943715
1409	172.0	300.0	143.91082839943715
1410	172.0	300.0	143.91082839943715
1411	172.0	300.0	143.91082839943715
1412	172.0	300.0	143.91082839943715
1413	172.0	300.0	143.91082839943715
1414	172.0	300.0	143.91082839943715
1415	172.0	300.0	143.91082839943715
1416	172.0	300.0	143.91082839943715
1417	172.0	300.0	143.91082839943715
1418	172.0	300.0	143.91082839943715
1419	172.0	300.0	143.91082839943715
1420	172.0	300.0	143.91082839943715
1421	172.0	300.0	143.91082839943715
1422	172.0	300.0	143.91082839943715
1423	172.0	300.0	143.91082839943715
1424	172.0	300.0	143.91082839943715
1425	172.0	300.0	143.91082839943715
1426	172.0	300.0	143.91082839943715
1427	172.0	300.0	143.91082839943715
1428	172.0	300.0	143.91082839943715
1429	172.0	300.0	143.91082839943715
1430	172.0	300.0	143.91082839943715
1431	172.0	300.0	143.91082839943715
1432	172.0	300.0	143.91082839943715
1433	172.0	300.0	143.91082839943715
1434	172.0	300.0	143.91082839943715
1435	172.0	300.0	143.91082839943715
1436	172.0	300.0	143.91082839943715
1437	172.0	300.0	143.91082839943715
1438	172.0	300.0	143.91082839943715
1439	172.0	300.0	143.91082839943715
1440	172.0	300.0	143.91082839943715
1441	172.0	300.0	143.91082839943715
1442	172.0	300.0	143.91082839943715
1443	172.0	300.0	143.91082839943715
1444	172.0	300.0	143.91082839943715
1445	172.0	300.0	143.91082839943715
1446	172.0	300.0	143.91082839943715
1447	172.0	300.0	143.91082839943715
1448	172.0	300.0	143.91082839943715
1449	172.0	300.0	143.91082839943715
1450	172.0	300.0	143.91082839943715
1451	172.0	300.0	143.91082839943715
1452	172.0	300.0	143.91082839943715
1453	172.0	300.0	143.91082839943715
1454	172.0	300.0	143.91082839943715
1455	172.0	300.0	143.91082839943715
1456	172.0	300.0	143.91082839943715
1457	172.0	300.0	143.91082839943715
1458	172.0	300.0	143.91082839943715
1459	172.0	300.0	143.91082839943715
1460	172.0	300.0	143.91082839943715
1461	172.0	300.0	143.91082839943715
1462	172.0	300.0	143.91082839943715
1463	172.0	300.0	143.91082839943715
1464	172.0	300.0	143.91082839943715
1465	172.0	300.0	143.91082839943715
1466	172.0	300.0	143.91082839943715
1467	172.0	300.0	143.91082839943715
1468	172.0	300.0	143.91082839943715
1469	172.0	300.0	143.91082839943715
1470	172.0	300.0	143.91082839943715
1471	172.0	300.0	143.91082839943715
1472	172.0	300.0	143.91082839943715
1473	172.0	300.0	143.91082839943715
1474	172.0	300.0	143.91082839943715
1475	172.0	300.0	143.91082839943715
1476	172.0	300.0	143.91082839943715
1477	172.0	300.0	143.91082839943715
1478	172.0	300.0	143.91082839943715
1479	172.0	300.0	143.91082839943715
1480	172.0	300.0	143.91082839943715
1481	172.0	300.0	143.91082839943715
1482	172.0	300.0	143.91082839943715
1483	172.0	300.0	143.91082839943715
1484	172.0	300.0	143.91082839943715
1485	172.0	300.0	143.91082839943715
1486	172.0	300.0	143.91082839943715
1487	172.0	300.0	143.91082839943715
1488	172.0	300.0	143.91082839943715
1489	172.0	300.0	143.91082839943715
1490	172.0	300.0	143.91082839943715
1491	172.0	300.0	143.91082839943715
1492	172.0	300.0	143.91082839943715
1493	172.0	300.0	143.91082839943715
1494	172.0	300.0	143.91082839943715
1495	172.0	300.0	143.91082839943715
1496	172.0	300.0	143.91082839943715
1497	172.0	300.0	143.91082839943715
1498	172.0	300.0	143.91082839943715
1499	172.0	300.0	143.91082839943715
1500	172.0	300.0	143.91082839943715
1501	172.0	300.0	143.91082839943715
1502	172.0	300.0	143.91082839943715
1503	172.0	300.0	143.91082839943715
1504	172.0	300.0	143.91082839943715
1505	172.0	300.0	143.91082839943715
1506	172.0	300.0	143.91082839943715
1507	172.0	300.0	143.91082839943715
1508	172.0	300.0	143.91082839943715
1509	172.0	300.0	143.91082839943715
1510	172.0	300.0	143.91082839943715
1511	172.0	300.0	143.91082839943715
1512	172.0	300.0	143.91082839943715
1513	172.0	300.0	143.91082839943715
1514	172.0	300.0	143.91082839943715
1515	172.0	300.0	143.91082839943715
1516	172.0	300.0	143.91082839943715
1517	172.0	300.0	143.91082839943715
1518	172.0	300.0	143.91082839943715
1519	172.0	300.0	143.91082839943715
1520	172.0	300.0	143.91082839943715
1521	172.0	300.0	143.91082839943715
1522	172.0	300.0	143.91082839943715
1523	172.0	300.0	143.91082839943715
1524	172.0	300.0	143.91082839943715
1525	172.0	300.0	143.91082839943715
1526	172.0	300.0	143.91082839943715
1527	172.0	300.0	143.91082839943715
1528	172.0	300.0	143.91082839943715
1529	172.0	300.0	143.91082839943715
1530	172.0	300.0	143.91082839943715
1531	172.0	300.0	143.91082839943715
1532	172.0	300.0	143.91082839943715
1533	172.0	300.0	143.91082839943715
1534	172.0	300.0	143.91082839943715
1535	172.0	300.0	143.91082839943715
1536	172.0	300.0	143.91082839943715
1537	172.0	300.0	143.91082839943715
1538	172.0	300.0	143.91082839943715
1539	172.0	300.0	143.91082839943715
1540	172.0	300.0	143.91082839943715
1541	172.0	300.0	143.91082839943715
1542	172.0	300.0	143.91082839943715
1543	172.0	300.0	143.91082839943715
1544	172.0	300.0	143.91082839943715
1545	172.0	300.0	143.91082839943715
1546	172.0	300.0	143.91082839943715
1547	172.0	300.0	143.91082839943715
1548	172.0	300.0	143.91082839943715
1549	172.0	300.0	143.91082839943715
1550	172.0	300.0	143.91082839943715
1551	172.0	300.0	143.91082839943715
1552	172.0	300.0	143.91082839943715
1553	172.0	300.0	143.91082839943715
1554	172.0	300.0	143.91082839943715
1555	172.0	300.0	143.91082839943715
1556	172.0	300.0	143.91082839943715
1557	172.0	300.0	143.91082839943715
1558	172.0	300.0	143.91082839943715
1559	172.0	300.0	143.91082839943715
1560	172.0	300.0	143.91082839943715
1561	172.0	300.0	143.91082839943715
1562	172.0	300.0	143.91082839943715
1563	172.0	300.0	143.91082839943715
1564	172.0	300.0	143.91082839943715
1565	172.0	300.0	143.91082839943715
1566	172.0	300.0	143.91082839943715
1567	172.0	300.0	143.91082839943715
1568	172.0	300.0	143.91082839943715
1569	172.0	300.0	143.91082839943715
1570	172.0	300.0	143.91082839943715
1571	172.0	300.0	143.91082839943715
1572	172.0	300.0	143.91082839943715
1573	172.0	300.0	143.91082839943715
1574	172.0	300.0	143.91082839943715
1575	172.0	300.0	143.91082839943715
1576	172.0	300.0	143.91082839943715
1577	172.0	300.0	143.91082839943715
1578	172.0	300.0	143.91082839943715
1579	172.0	300.0	143.91082839943715
1580	172.0	300.0	143.91082839943715
1581	172.0	300.0	143.91082839943715
1582	172.0	300.0	143.91082839943715
1583	172.0	300.0	143.91082839943715
1584	172.0	300.0	143.91082839943715
1585	172.0	300.0	143.91082839943715
1586	172.0	300.0	143.91082839943715
1587	172.0	300.0	143.91082839943715
1588	172.0	300.0	143.91082839943715
1589	172.0	300.0	143.91082839943715
1590	172.0	300.0	143.91082839943715
1591	172.0	300.0	143.91082839943715
1592	172.0	300.0	143.91082839943715
1593	172.0	300.0	143.91082839943715
1594	172.0	300.0	143.91082839943715
1595	172.0	300.0	143.91082839943715
1596	172.0	300.0	143.91082839943715
1597	172.0	300.0	143.91082839943715
1598	172.0	300.0	143.91082839943715
1599	172.0	300.0	143.91082839943715
1600	172.0	300.0	143.91082839943715
1601	172.0	300.0	143.91082839943715
1602	172.0	300.0	143.91082839943715
1603	172.0	300.0	143.91082839943715
1604	172.0	300.0	143.91082839943715
1605	172.0	300.0	143.91082839943715
1606	172.0	300.0	143.91082839943715
1607	172.0	300.0	143.91082839943715
1608	172.0	300.0	143.91082839943715
1609	172.0	300.0	143.91082839943715
1610	172.0	300.0	143.91082839943715
1611	172.0	300.0	143.91082839943715
1612	172.0	300.0	143.91082839943715
1613	172.0	300.0	143.91082839943715
1614	172.0	300.0	143.91082839943715
1615	172.0	300.0	143.91082839943715
1616	172.0	300.0	143.91082839943715
1617	172.0	300.0	143.91082839943715
1618	172.0	300.0	143.91082839943715
1619	172.0	300.0	143.91082839943715
1620	172.0	300.0	143.91082839943715
1621	172.0	300.0	143.91082839943715
1622	172.0	300.0	143.91082839943715
1623	172.0	300.0	143.91082839943715
1624	172.0	300.0	143.91082839943715
1625	172.0	300.0	143.91082839943715
1626	172.0	300.0	143.91082839943715
1627	172.0	300.0	143.91082839943715
1628	172.0	300.0	143.91082839943715
1629	172.0	300.0	143.91082839943715
1630	172.0	300.0	143.91082839943715
1631	172.0	300.0	143.91082839943715
1632	172.0	300.0	143.91082839943715
1633	172.0	300.0	143.91082839943715
1634	172.0	300.0	143.91082839943715
1635	172.0	300.0	143.91082839943715
1636	172.0	300.0	143.91082839943715
1637	172.0	300.0	143.91082839943715
1638	172.0	300.0	143.91082839943715
1639	172.0	300.0	143.91082839943715
1640	172.0	300.0	143.91082839943715
1641	172.0	300.0	143.91082839943715
1642	172.0	300.0	143.91082839943715
1643	172.0	300.0	143.91082839943715
1644	172.0	300.0	143.91082839943715
1645	172.0	300.0	143.91082839943715
1646	172.0	300.0	143.91082839943715
1647	172.0	300.0	143.91082839943715
1648	172.0	300.0	143.91082839943715
1649	172.0	300.0	143.91082839943715
1650	172.0	300.0	143.91082839943715
1651	172.0	300.0	143.91082839943715
1652	172.0	300.0	143.91082839943715
1653	172.0	300.0	143.91082839943715
1654	172.0	300.0	143.91082839943715
1655	172.0	300.0	143.91082839943715
1656	172.0	300.0	143.91082839943715
1657	172.0	300.0	143.91082839943715
1658	172.0	300.0	143.91082839943715
1659	172.0	300.0	143.91082839943715
1660	172.0	300.0	143.91082839943715
1661	172.0	300.0	143.91082839943715
1662	172.0	300.0	143.91082839943715
1663	172.0	300.0	143.91082839943715
1664	172.0	300.0	143.91082839943715
1665	172.0	300.0	143.91082839943715
1666	172.0	300.0	143.91082839943715
1667	172.0	300.0	143.91082839943715
1668	172.0	300.0	143.91082839943715
1669	172.0	300.0	143.91082839943715
1670	172.0	300.0	143.91082839943715
1671	172.0	300.0	143.91082839943715
1672	172.0	300.0	143.91082839943715
1673	172.0	300.0	143.91082839943715
1674	172.0	300.0	143.91082839943715
1675	172.0	300.0	143.91082839943715
1676	172.0	300.0	143.91082839943715
1677	172.0	300.0	143.91082839943715
1678	172.0	300.0	143.91082839943715
1679	172.0	300.0	143.91082839943715
1680	172.0	300.0	143.91082839943715
1681	172.0	300.0	143.91082839943715
1682	172.0	300.0	143.91082839943715
1683	172.0	300.0	143.91082839943715
1684	172.0	300.0	143.91082839943715
1685	172.0	300.0	143.91082839943715
1686	172.0	300.0	143.91082839943715
1687	172.0	300.0	143.91082839943715
1688	172.0	300.0	143.91082839943715
1689	172.0	300.0	143.91082839943715
1690	172.0	300.0	143.91082839943715
1691	172.0	300.0	143.91082839943715
1692	172.0	300.0	143.91082839943715
1693	172.0	300.0	143.91082839943715
1694	172.0	300.0	143.91082839943715
1695	172.0	300.0	143.91082839943715
1696	172.0	300.0	143.91082839943715
1697	172.0	300.0	143.91082839943715
1698	172.0	300.0	143.91082839943715
1699	172.0	300.0	143.91082839943715
1700	172.0	300.0	143.91082839943715
1701	172.0	300.0	143.91082839943715
1702	172.0	300.0	143.91082839943715
1703	172.0	300.0	143.91082839943715
1704	172.0	300.0	143.91082839943715
1705	172.0	300.0	143.91082839943715
1706	172.0	300.0	143.91082839943715
1707	172.0	300.0	143.91082839943715
1708	172.0	300.0	143.91082839943715
1709	172.0	300.0	143.91082839943715
1710	172.0	300.0	143.91082839943715
1711	172.0	300.0	143.91082839943715
1712	172.0	300.0	143.91082839943715
1713	172.0	300.0	143.91082839943715
1714	172.0	300.0	143.91082839943715
1715	172.0	300.0	143.91082839943715
1716	172.0	300.0	143.91082839943715
1717	172.0	300.0	143.91082839943715
1718	172.0	300.0	143.91082839943715
1719	172.0	300.0	143.91082839943715
1720	172.0	300.0	143.91082839943715
1721	172.0	300.0	143.91082839943715
1722	172.0	300.0	143.91082839943715
1723	172.0	300.0	143.91082839943715
1724	172.0	300.0	143.91082839943715
1725	172.0	300.0	143.91082839943715
1726	172.0	300.0	143.91082839943715
1727	172.0	300.0	143.91082839943715
1728	172.0	300.0	143.91082839943715
1729	172.0	300.0	143.91082839943715
1730	172.0	300.0	143.91082839943715
1731	172.0	300.0	143.91082839943715
1732	172.0	300.0	143.91082839943715
1733	172.0	300.0	143.91082839943715
1734	172.0	300.0	143.91082839943715
1735	172.0	300.0	143.91082839943715
1736	172.0	300.0	143.91082839943715
1737	172.0	300.0	143.91082839943715
1738	172.0	300.0	143.91082839943715
1739	172.0	300.0	143.91082839943715
1740	172.0	300.0	143.91082839943715
1741	172.0	300.0	143.91082839943715
1742	172.0	300.0	143.91082839943715
1743	172.0	300.0	143.91082839943715
1744	172.0	300.0	143.91082839943715
1745	172.0	300.0	143.91082839943715
1746	172.0	300.0	143.91082839943715
1747	172.0	300.0	143.91082839943715
1748	172.0	300.0	143.91082839943715
1749	172.0	300.0	143.91082839943715
1750	172.0	300.0	143.91082839943715
1751	172.0	300.0	143.91082839943715
1752	172.0	300.0	143.91082839943715
1753	172.0	300.0	143.91082839943715
1754	172.0	300.0	143.91082839943715
1755	172.0	300.0	143.91082839943715
1756	172.0	300.0	143.91082839943715
1757	172.0	300.0	143.91082839943715
1758	172.0	300.0	143.91082839943715
1759	172.0	300.0	143.91082839943715
1760	172.0	300.0	143.91082839943715
1761	172.0	300.0	143.91082839943715
1762	172.0	300.0	143.91082839943715
1763	172.0	300.0	143.91082839943715
1764	172.0	300.0	143.91082839943715
1765	172.0	300.0	143.91082839943715
1766	172.0	300.0	143.91082839943715
1767	172.0	300.0	143.91082839943715
1768	172.0	300.0	143.91082839943715
1769	172.0	300.0	143.91082839943715
1770	172.0	300.0	143.91082839943715
1771	172.0	300.0	143.91082839943715
1772	172.0	300.0	143.91082839943715
1773	172.0	300.0	143.91082839943715
1774	172.0	300.0	143.91082839943715
1775	172.0	300.0	143.91082839943715
1776	172.0	300.0	143.91082839943715
1777	172.0	300.0	143.91082839943715
1778	172.0	300.0	143.91082839943715
1779	172.0	300.0	143.91082839943715
1780	172.0	300.0	143.91082839943715
1781	172.0	300.0	143.91082839943715
1782	172.0	300.0	143.91082839943715
1783	172.0	300.0	143.91082839943715
1784	172.0	300.0	143.91082839943715
1785	172.0	300.0	143.91082839943715
1786	172.0	300.0	143.91082839943715
1787	172.0	300.0	143.91082839943715
1788	172.0	300.0	143.91082839943715
1789	172.0	300.0	143.91082839943715
1790	172.0	300.0	143.91082839943715
1791	172.0	300.0	143.91082839943715
1792	172.0	300.0	143.91082839943715
1793	172.0	300.0	143.91082839943715
1794	172.0	300.0	143.91082839943715
1795	172.0	300.0	143.91082839943715
1796	172.0	300.0	143.91082839943715
1797	172.0	300.0	143.91082839943715
1798	172.0	300.0	143.91082839943715
1799	172.0	300.0	143.91082839943715
1800	172.0	300.0	143.91082839943715
1801	172.0	300.0	143.91082839943715
1802	172.0	300.0	143.91082839943715
1803	172.0	300.0	143.91082839943715
1804	172.0	300.0	143.91082839943715
1805	172.0	300.0	143.91082839943715
1806	172.0	300.0	143.91082839943715
1807	172.0	300.0	143.91082839943715
1808	172.0	300.0	143.91082839943715
1809	172.0	300.0	143.91082839943715
1810	172.0	300.0	143.91082839943715
1811	172.0	300.0	143.91082839943715
1812	172.0	300.0	143.91082839943715
1813	172.0	300.0	143.91082839943715
1814	172.0	300.0	143.91082839943715
1815	172.0	300.0	143.91082839943715
1816	172.0	300.0	143.91082839943715
1817	172.0	300.0	143.91082839943715
1818	172.0	300.0	143.91082839943715
1819	172.0	300.0	143.91082839943715
1820	172.0	300.0	143.91082839943715
1821	172.0	300.0	143.91082839943715
1822	172.0	300.0	143.91082839943715
1823	172.0	300.0	143.91082839943715
1824	172.0	300.0	143.91082839943715
1825	172.0	300.0	143.91082839943715
1826	172.0	300.0	143.91082839943715
1827	172.0	300.0	143.91082839943715
1828	172.0	300.0	143.91082839943715
1829	172.0	300.0	143.91082839943715
1830	172.0	300.0	143.91082839943715
1831	172.0	300.0	143.91082839943715
1832	172.0	300.0	143.91082839943715
1833	172.0	300.0	143.91082839943715
1834	172.0	300.0	143.91082839943715
1835	172.0	300.0	143.91082839943715
1836	172.0	300.0	143.91082839943715
1837	172.0	300.0	143.91082839943715
1838	172.0	300.0	143.91082839943715
1839	172.0	300.0	143.91082839943715
1840	172.0	300.0	143.91082839943715
1841	172.0	300.0	143.91082839943715
1842	172.0	300.0	143.91082839943715
1843	172.0	300.0	143.91082839943715
1844	172.0	300.0	143.91082839943715
1845	172.0	300.0	143.91082839943715
1846	172.0	300.0	143.91082839943715
1847	172.0	300.0	143.91082839943715
1848	172.0	300.0	143.91082839943715
1849	172.0	300.0	143.91082839943715
1850	172.0	300.0	143.91082839943715
1851	172.0	300.0	143.91082839943715
1852	172.0	300.0	143.91082839943715
1853	172.0	300.0	143.91082839943715
1854	172.0	300.0	143.91082839943715
1855	172.0	300.0	143.91082839943715
1856	172.0	300.0	143.91082839943715
1857	172.0	300.0	143.91082839943715
1858	172.0	300.0	143.91082839943715
1859	172.0	300.0	143.91082839943715
1860	172.0	300.0	143.91082839943715
1861	172.0	300.0	143.91082839943715
1862	172.0	300.0	143.91082839943715
1863	172.0	300.0	143.91082839943715
1864	172.0	300.0	143.91082839943715
1865	172.0	300.0	143.91082839943715
1866	172.0	300.0	143.91082839943715
1867	172.0	300.0	143.91082839943715
1868	172.0	300.0	143.91082839943715
1869	172.0	300.0	143.91082839943715
1870	172.0	300.0	143.91082839943715
1871	172.0	300.0	143.91082839943715
1872	172.0	300.0	143.91082839943715
1873	172.0	300.0	143.91082839943715
1874	172.0	300.0	143.91082839943715
1875	172.0	300.0	143.91082839943715
1876	172.0	300.0	143.91082839943715
1877	172.0	300.0	143.91082839943715
1878	172.0	300.0	143.91082839943715
1879	172.0	300.0	143.91082839943715
1880	172.0	300.0	143.91082839943715
1881	172.0	300.0	143.91082839943715
1882	172.0	300.0	143.91082839943715
1883	172.0	300.0	143.91082839943715
1884	172.0	300.0	143.91082839943715
1885	172.0	300.0	143.91082839943715
1886	172.0	300.0	143.91082839943715
1887	172.0	300.0	143.91082839943715
1888	172.0	300.0	143.91082839943715
1889	172.0	300.0	143.91082839943715
1890	172.0	300.0	143.91082839943715
1891	172.0	300.0	143.91082839943715
1892	172.0	300.0	143.91082839943715
1893	172.0	300.0	143.91082839943715
1894	172.0	300.0	143.91082839943715
1895	172.0	300.0	143.91082839943715
1896	172.0	300.0	143.91082839943715
1897	172.0	300.0	143.91082839943715
1898	172.0	300.0	143.91082839943715
1899	172.0	300.0	143.91082839943715
1900	172.0	300.0	143.91082839943715
1901	172.0	300.0	143.91082839943715
1902	172.0	300.0	143.91082839943715
1903	172.0	300.0	143.91082839943715
1904	172.0	300.0	143.91082839943715
1905	172.0	300.0	143.91082839943715
1906	172.0	300.0	143.91082839943715
